# db4a input recording
# frame button down
# frame mouse x y   (game pixels)
0 start 1
0 mouse 138 68
7 start 0
119 start 1
126 start 0
377 down 1
385 down 0
2432 a 1
2440 a 0
2532 mouse 131 72
2533 mouse 118 81
2534 mouse 108 87
2535 mouse 94 93
2536 mouse 82 97
2537 mouse 76 99
2538 mouse 69 100
2539 mouse 65 100
2540 mouse 64 100
2542 mouse 63 100
2545 mouse 65 101
2546 mouse 67 103
2547 mouse 68 105
2548 mouse 69 106
2549 mouse 70 107
2551 mouse 71 107
2552 mouse 72 107
2566 a 1
2574 a 0
2637 mouse 72 108
2653 a 1
2656 a 0
2664 a 1
2669 a 0
2675 a 1
2681 a 0
2687 a 1
2694 a 0
2700 a 1
2707 a 0
2730 a 1
2735 a 0
2742 a 1
2747 a 0
2754 a 1
2760 a 0
2767 a 1
2773 a 0
2780 a 1
2787 a 0
2793 a 1
2800 a 0
2807 a 1
2811 a 0
2819 a 1
2824 a 0
2831 a 1
2837 a 0
2843 a 1
2850 a 0
2856 a 1
2862 a 0
2868 a 1
2876 a 0
2975 a 1
2982 a 0
3582 mouse 32 108
3607 mouse 34 107
3608 mouse 40 107
3609 mouse 45 107
3635 mouse 50 107
3636 mouse 54 108
3637 mouse 64 109
3638 mouse 72 109
3639 mouse 79 111
3640 mouse 82 112
3641 mouse 87 115
3642 mouse 92 118
3643 mouse 96 121
3644 mouse 102 125
3645 mouse 105 129
3646 mouse 107 130
3647 mouse 109 131
3658 mouse 117 127
3659 mouse 146 116
3660 mouse 168 110
3661 mouse 176 108
3662 mouse 183 106
3663 mouse 187 106
3664 mouse 189 106
3667 mouse 186 107
3668 mouse 184 109
3669 mouse 182 110
3670 mouse 179 117
3671 mouse 178 122
3672 mouse 179 129
3673 mouse 180 135
3674 mouse 182 141
3675 mouse 183 143
3676 mouse 184 146
3677 mouse 185 147
3688 mouse 183 148
3689 mouse 178 153
3690 mouse 174 156
3691 mouse 168 159
3692 mouse 164 162
3693 mouse 161 165
3694 mouse 158 172
3695 mouse 157 181
3696 mouse 157 187
3697 mouse 157 195
3698 mouse 158 200
3699 mouse 160 204
3700 mouse 160 206
3701 mouse 161 208
3702 mouse 161 209
3703 mouse 161 210
3705 mouse 161 211
3755 mouse 159 201
3756 mouse 143 153
3757 mouse 111 51
3758 mouse 105 14
3773 mouse 101 1
3774 mouse 102 8
3775 mouse 103 11
3776 mouse 103 13
3778 mouse 103 14
3788 mouse 105 16
3789 mouse 110 19
3790 mouse 113 24
3791 mouse 115 26
3792 mouse 116 27
3793 mouse 116 28
3794 mouse 117 28
3795 mouse 117 29
3801 mouse 117 28
3802 mouse 117 26
3803 mouse 115 21
3804 mouse 114 16
3805 mouse 113 10
3806 mouse 113 6
3807 mouse 113 2
3808 mouse 113 0
3821 mouse 113 1
3822 mouse 113 2
3823 mouse 113 3
3824 mouse 113 4
3825 mouse 113 6
3826 mouse 114 11
3827 mouse 114 15
3828 mouse 115 18
3830 mouse 116 19
3831 mouse 116 20
3841 mouse 119 24
3842 mouse 143 55
3843 mouse 161 76
3844 mouse 179 92
3845 mouse 190 100
3846 mouse 199 103
3847 mouse 201 103
3857 mouse 223 98
3858 mouse 270 97
3859 mouse 292 99
3860 mouse 311 102
3861 mouse 318 102
3879 mouse 316 114
3880 mouse 306 115
3881 mouse 291 118
3882 mouse 260 120
3883 mouse 237 119
3884 mouse 214 113
3885 mouse 203 110
3886 mouse 198 108
3887 mouse 196 107
3897 mouse 190 112
3898 mouse 172 123
3899 mouse 129 138
3900 mouse 97 148
3901 mouse 86 150
3902 mouse 77 151
3903 mouse 72 152
3904 mouse 69 153
3905 mouse 66 155
3906 mouse 65 156
3907 mouse 64 157
3908 mouse 66 159
3909 mouse 71 164
3910 mouse 75 170
3911 mouse 77 175
3912 mouse 80 183
3913 mouse 83 191
3914 mouse 87 198
3915 mouse 89 202
3916 mouse 91 206
3917 mouse 92 209
3918 mouse 92 210
3919 mouse 93 212
3920 mouse 94 213
3921 mouse 94 215
3922 mouse 94 216
3923 mouse 94 217
3924 mouse 94 218
3926 mouse 94 219
3928 mouse 94 220
3973 mouse 94 219
3974 mouse 94 218
3975 mouse 94 214
3976 mouse 92 207
3977 mouse 90 201
3978 mouse 86 186
3979 mouse 86 170
3980 mouse 86 161
3981 mouse 87 156
3982 mouse 88 150
3983 mouse 88 149
3984 mouse 88 148
3996 mouse 88 145
3997 mouse 86 123
3998 mouse 83 100
3999 mouse 78 68
4000 mouse 74 41
4001 mouse 73 32
4002 mouse 72 23
4003 mouse 72 20
4004 mouse 72 19
4005 mouse 72 18
4007 mouse 72 17
4013 mouse 72 16
4014 mouse 72 15
4015 mouse 72 13
4016 mouse 73 9
4017 mouse 74 6
4018 mouse 74 4
4019 mouse 75 2
4021 mouse 75 1
4044 mouse 75 3
4045 mouse 75 8
4046 mouse 76 12
4047 mouse 77 20
4048 mouse 78 28
4049 mouse 80 33
4050 mouse 82 38
4051 mouse 83 43
4052 mouse 85 46
4053 mouse 85 48
4054 mouse 86 50
4055 mouse 86 52
4056 mouse 87 53
4057 mouse 87 54
4058 mouse 88 55
4059 mouse 90 58
4060 mouse 91 62
4061 mouse 93 68
4062 mouse 95 72
4063 mouse 96 74
4064 mouse 96 75
4065 mouse 97 76
4068 mouse 97 77
4099 mouse 98 76
4100 mouse 99 72
4101 mouse 100 70
4102 mouse 100 68
4103 mouse 101 67
4105 mouse 101 64
4106 mouse 102 57
4107 mouse 102 48
4108 mouse 102 37
4109 mouse 103 30
4110 mouse 103 22
4111 mouse 103 18
4112 mouse 103 17
4114 mouse 103 16
4116 mouse 103 22
4117 mouse 103 34
4118 mouse 104 39
4119 mouse 105 46
4120 mouse 106 51
4121 mouse 107 55
4122 mouse 108 57
4123 mouse 109 60
4124 mouse 110 62
4125 mouse 110 63
4126 mouse 111 65
4128 mouse 111 66
