# db4a input recording
# frame button down
# frame mouse x y   (game pixels)
0 a 1
0 mouse 139 83
8 a 0
32 mouse 143 87
33 mouse 145 90
34 mouse 147 91
35 mouse 148 92
36 mouse 149 93
38 mouse 150 93
39 mouse 150 94
40 mouse 151 94
126 a 1
132 a 0
530 c 1
537 c 0
1157 a 1
1166 a 0
1192 a 1
1202 a 0
1230 a 1
1236 a 0
1299 mouse 150 94
1300 mouse 148 95
1301 mouse 143 96
1302 mouse 137 98
1303 mouse 129 99
1304 mouse 124 100
1305 mouse 116 102
1306 mouse 110 104
1307 mouse 106 106
1308 mouse 102 107
1309 mouse 98 109
1310 mouse 95 110
1311 mouse 91 113
1312 mouse 88 114
1313 mouse 87 115
1315 mouse 86 116
1353 mouse 84 114
1354 mouse 81 111
1355 mouse 77 108
1356 mouse 75 106
1357 mouse 73 104
1358 mouse 72 102
1359 mouse 71 100
1360 mouse 70 97
1361 mouse 69 95
1362 mouse 69 93
1363 mouse 69 91
1364 mouse 69 90
1365 mouse 69 88
1367 mouse 69 87
1383 a 1
1391 a 0
1463 a 1
1470 a 0
1476 a 1
1482 a 0
1487 a 1
1494 a 0
1498 a 1
1505 a 0
1509 a 1
1517 a 0
1578 mouse 81 85
1579 mouse 145 82
1580 mouse 196 87
1581 mouse 214 92
1582 mouse 229 97
1583 mouse 237 100
1584 mouse 243 101
1585 mouse 245 102
1586 mouse 246 103
1587 mouse 247 103
1588 mouse 246 103
1589 mouse 244 104
1590 mouse 239 108
1591 mouse 234 112
1592 mouse 229 114
1593 mouse 221 118
1594 mouse 211 121
1595 mouse 200 123
1596 mouse 194 123
1597 mouse 186 123
1598 mouse 181 123
1599 mouse 180 123
1600 mouse 178 123
1601 mouse 178 122
1603 mouse 177 121
1604 mouse 179 118
1605 mouse 181 116
1606 mouse 182 115
1607 mouse 183 115
1608 mouse 183 114
1609 mouse 183 112
1610 mouse 183 111
1611 mouse 182 109
1612 mouse 181 107
1613 mouse 180 105
1614 mouse 178 103
1615 mouse 177 100
1616 mouse 176 98
1618 mouse 175 97
1619 mouse 175 96
1632 mouse 175 97
1633 mouse 175 98
1635 mouse 175 99
1654 a 1
1659 a 0
1664 a 1
1670 a 0
1675 a 1
1683 a 0
1687 a 1
1696 a 0
1703 a 1
1711 a 0
1728 a 1
1737 a 0
1746 a 1
1756 a 0
2442 mouse 135 99
