# db4a input recording
# frame button down
# frame mouse x y   (game pixels)
0 start 1
0 mouse -40 0
8 start 0
91 start 1
110 start 0
125 start 1
134 start 0
141 start 1
148 start 0
1490 mouse 93 75
1491 mouse 96 67
1492 mouse 103 52
1493 mouse 111 39
1494 mouse 115 35
1495 mouse 115 34
1502 mouse 117 30
1503 mouse 124 16
1504 mouse 135 0
1505 mouse 145 0
1506 mouse 150 0
1508 mouse 148 6
1509 mouse 145 20
1510 mouse 144 34
1511 mouse 144 43
1512 mouse 145 49
1517 mouse 146 49
1518 mouse 146 48
1519 mouse 146 46
1520 mouse 146 45
1569 a 1
1577 a 0
1594 mouse 148 45
1595 mouse 151 48
1596 mouse 154 55
1597 mouse 156 61
1612 mouse 155 60
1613 mouse 156 60
1620 mouse 156 59
1623 mouse 157 59
1624 mouse 157 58
1625 mouse 157 57
1626 mouse 157 56
1627 mouse 158 55
1629 mouse 158 54
1632 mouse 158 53
1640 mouse 158 52
1642 mouse 158 51
1646 mouse 158 50
1647 mouse 157 50
1653 mouse 157 49
1664 mouse 157 48
1670 mouse 157 49
1671 mouse 158 53
1672 mouse 160 57
1673 mouse 162 60
1674 mouse 164 62
1675 mouse 166 64
1676 mouse 168 65
1677 mouse 170 66
1678 mouse 171 67
1679 mouse 172 67
1680 mouse 173 68
1682 mouse 174 68
1683 mouse 175 68
1684 mouse 176 68
1686 mouse 177 68
1689 mouse 177 67
1701 mouse 178 67
1732 a 1
1739 a 0
1810 mouse 176 67
1811 mouse 169 69
1812 mouse 157 71
1813 mouse 138 74
1814 mouse 113 76
1815 mouse 84 79
1816 mouse 56 80
1817 mouse 33 82
1818 mouse 17 83
1819 mouse 8 85
1820 mouse 6 85
1823 mouse 7 85
1824 mouse 8 85
1828 mouse 10 86
1829 mouse 15 89
1830 mouse 20 93
1831 mouse 25 96
1832 mouse 30 100
1833 mouse 34 104
1834 mouse 38 107
1835 mouse 41 110
1836 mouse 44 112
1837 mouse 46 113
1838 mouse 47 114
1839 mouse 48 114
1840 mouse 49 115
1841 mouse 50 115
1842 mouse 51 116
1843 mouse 52 116
1844 mouse 54 118
1845 mouse 56 120
1846 mouse 57 122
1847 mouse 58 122
1848 mouse 58 123
1850 mouse 58 124
1949 c 1
1958 c 0
2042 c 1
2050 c 0
2053 mouse 59 123
2061 c 1
2068 c 0
2076 c 1
2084 c 0
2091 c 1
2097 c 0
2103 c 1
2109 c 0
2111 mouse 59 122
2112 mouse 60 122
2113 mouse 60 121
2129 mouse 60 120
2173 mouse 60 119
2193 a 1
2197 a 0
2203 a 1
2209 a 0
2214 a 1
2219 a 0
2224 a 1
2229 a 0
2234 a 1
2239 a 0
2245 a 1
2251 a 0
2256 a 1
2262 a 0
2267 a 1
2274 a 0
2280 mouse 60 118
2282 mouse 60 119
2283 mouse 60 120
2284 mouse 61 124
2317 mouse 62 122
2318 mouse 62 120
2319 mouse 63 120
2320 mouse 63 119
2322 mouse 64 118
2323 mouse 65 117
2324 mouse 66 117
2325 mouse 66 116
2340 a 1
2345 a 0
2351 a 1
2357 a 0
2418 a 1
2425 a 0
2433 a 1
2440 a 0
2454 mouse 66 117
2461 a 1
2467 a 0
2474 a 1
2479 a 0
2484 mouse 66 118
2485 mouse 70 124
2547 mouse 70 123
2559 mouse 70 122
2560 mouse 71 122
2561 mouse 71 121
2562 mouse 72 120
2567 mouse 73 120
2568 mouse 74 119
2970 mouse 34 119
3000 mouse 36 118
3001 mouse 143 89
3002 mouse 282 86
3003 mouse 319 96
3004 mouse 319 99
3005 mouse 319 94
3006 mouse 319 89
3007 mouse 314 90
3008 mouse 306 93
3009 mouse 306 102
3010 mouse 319 125
3011 mouse 319 154
3012 mouse 319 176
3013 mouse 319 190
3014 mouse 319 199
3015 mouse 319 201
3016 mouse 319 202
3021 mouse 314 200
3022 mouse 287 187
3023 mouse 267 198
3024 mouse 248 211
3025 mouse 215 212
3026 mouse 169 210
3027 mouse 126 215
3028 mouse 90 223
3029 mouse 64 224
3030 mouse 36 218
3031 mouse 11 212
3032 mouse -6 204
3033 mouse -16 194
3034 mouse -16 182
3035 mouse -12 169
3036 mouse -5 155
3037 mouse 3 138
3038 mouse 13 115
3039 mouse 20 80
3040 mouse 20 30
3041 mouse 12 0
3042 mouse -4 0
3043 mouse -21 0
3044 mouse -33 0
3045 mouse -40 0
3046 mouse -41 0
3048 mouse -37 0
3049 mouse -28 5
3050 mouse -18 22
3051 mouse -15 53
3052 mouse -18 85
3053 mouse -23 114
3054 mouse -24 136
3055 mouse -18 149
3056 mouse -15 150
3076 mouse -14 150
3077 mouse -3 154
3078 mouse 7 156
3079 mouse 15 156
3080 mouse 22 156
3081 mouse 29 153
3082 mouse 33 150
3083 mouse 34 148
3084 mouse 34 147
3086 mouse 34 146
3087 mouse 34 145
3117 start 1
3122 start 0
3143 mouse 74 145
3179 down 1
3184 down 0
3189 down 1
3194 down 0
3199 down 1
3203 down 0
3207 down 1
3212 down 0
3217 down 1
3223 down 0
3242 a 1
3248 a 0
3268 mouse 34 145
3271 mouse 74 145
3316 down 1
3321 down 0
3332 right 1
3337 right 0
3342 right 1
3346 right 0
3353 right 1
3361 right 0
3363 up 1
3370 up 0
3373 a 1
3380 a 0
3402 down 1
3407 down 0
3412 down 1
3419 down 0
3425 left 1
3432 left 0
3437 left 1
3442 left 0
3448 left 1
3454 left 0
3460 a 1
3467 a 0
3471 right 1
3476 right 0
3480 right 1
3485 right 0
3491 right 1
3498 right 0
3501 up 1
3508 up 0
3511 a 1
3517 a 0
3520 up 1
3528 up 0
3529 right 1
3537 a 1
3538 right 0
3544 a 0
3591 down 1
3597 down 0
3600 right 1
3606 right 0
3610 right 1
3616 right 0
3621 right 1
3626 right 0
3630 a 1
3636 a 0
3663 left 1
3669 left 0
3674 left 1
3680 left 0
3685 left 1
3690 left 0
3695 left 1
3701 left 0
3706 left 1
3713 left 0
3718 left 1
3723 left 0
3729 left 1
3734 left 0
3740 down 1
3745 down 0
3753 a 1
3759 a 0
3767 right 1
3773 right 0
3778 right 1
3783 right 0
3792 right 1
3800 right 0
3810 up 1
3816 up 0
3820 a 1
3827 a 0
3833 a 1
3841 a 0
3843 up 1
3852 up 0
3855 right 1
3862 right 0
3865 a 1
3872 a 0
3901 down 1
3907 down 0
3911 right 1
3916 right 0
3922 right 1
3926 right 0
3931 right 1
3936 right 0
3938 a 1
3946 a 0
3952 a 1
3960 a 0
4028 mouse 34 145
4034 mouse 74 145
4103 mouse 72 146
4107 mouse 72 145
4109 a 1
4114 a 0
4116 mouse 73 145
4118 mouse 73 143
4120 a 1
4120 mouse 73 142
4121 mouse 74 142
4124 a 0
4130 a 1
4135 a 0
4140 a 1
4146 a 0
4151 a 1
4157 a 0
4162 a 1
4168 a 0
4173 a 1
4179 a 0
4186 a 1
4193 a 0
4199 a 1
4206 a 0
4212 a 1
4218 a 0
4233 mouse 76 142
4234 mouse 77 142
4236 mouse 78 142
4238 mouse 79 142
4240 mouse 80 142
4241 mouse 82 142
4242 mouse 83 142
4243 mouse 84 141
4285 mouse 85 140
4287 mouse 86 140
4288 mouse 86 139
4295 a 1
4298 mouse 86 140
4301 a 0
4302 mouse 87 138
4303 mouse 87 136
4322 mouse 87 135
4323 mouse 84 128
4324 mouse 82 120
4325 mouse 81 117
4326 mouse 82 117
4327 mouse 83 119
4328 mouse 86 125
4329 mouse 86 133
4330 mouse 86 138
4331 mouse 86 140
4341 mouse 86 139
4360 mouse 86 138
4368 mouse 87 137
4369 mouse 87 136
4370 mouse 88 135
4371 mouse 89 133
4372 mouse 90 132
4373 mouse 91 131
4374 mouse 91 130
4375 mouse 92 129
4376 mouse 94 128
4377 mouse 95 127
4378 mouse 96 126
4379 mouse 98 125
4380 mouse 99 123
4381 mouse 100 122
4382 mouse 101 121
4383 mouse 103 120
4384 mouse 104 119
4386 mouse 104 118
4388 mouse 104 119
4389 mouse 104 123
4390 mouse 102 127
4391 mouse 100 129
4392 mouse 99 130
4393 mouse 98 130
4395 mouse 97 131
4459 mouse 96 132
4464 mouse 97 133
4465 mouse 98 133
4520 mouse 98 132
4629 mouse 98 131
4638 mouse 99 130
4676 mouse 99 129
4680 mouse 100 129
4733 mouse 100 128
4742 mouse 101 128
4746 mouse 101 129
4747 mouse 102 130
4748 mouse 103 132
4749 mouse 103 135
4750 mouse 104 138
4768 mouse 104 133
4769 mouse 105 132
4770 mouse 106 132
4774 mouse 106 131
4779 mouse 106 130
4783 mouse 107 130
4784 mouse 109 130
4785 mouse 110 130
4786 mouse 111 130
4788 mouse 113 131
4789 mouse 114 131
4790 mouse 115 131
4791 mouse 116 131
4792 mouse 117 131
4793 mouse 118 132
4794 mouse 119 132
4795 mouse 120 132
4799 mouse 121 132
4816 mouse 122 132
4817 mouse 123 131
4818 mouse 124 131
4820 mouse 125 131
4822 mouse 126 131
4823 mouse 128 131
4824 mouse 130 132
4825 mouse 131 132
4826 mouse 133 133
4827 mouse 134 133
4830 mouse 134 134
4831 mouse 135 134
4832 mouse 135 135
4834 mouse 136 135
4843 mouse 136 134
4847 mouse 136 133
4850 mouse 137 133
4875 mouse 137 132
4876 mouse 138 132
4897 mouse 138 131
4901 mouse 139 130
4910 mouse 139 129
4919 mouse 139 128
4924 mouse 139 127
4934 mouse 99 127
4952 mouse 100 126
4953 mouse 100 125
4954 mouse 103 123
4955 mouse 105 121
4956 mouse 107 118
4957 mouse 108 112
4958 mouse 107 100
4959 mouse 104 87
4960 mouse 100 78
4961 mouse 98 73
4962 mouse 96 70
4963 mouse 95 68
4964 mouse 94 67
4965 mouse 93 66
4967 mouse 92 65
4968 mouse 92 63
4969 mouse 91 61
4970 mouse 89 58
4971 mouse 86 55
4972 mouse 84 52
4973 mouse 82 51
4974 mouse 81 49
4975 mouse 79 48
4978 mouse 78 54
4979 mouse 77 66
4980 mouse 76 83
4981 mouse 75 96
4982 mouse 74 99
4986 mouse 74 97
4987 mouse 74 95
4988 mouse 75 94
4992 mouse 75 93
4993 mouse 75 91
4996 mouse 76 92
4997 a 1
4997 mouse 76 93
4998 mouse 76 95
4999 mouse 76 97
5000 mouse 76 99
5002 a 0
5006 mouse 76 95
5007 mouse 80 85
5008 mouse 86 64
5009 mouse 92 38
5010 mouse 97 9
5011 mouse 100 0
5012 mouse 101 0
5013 mouse 100 0
5014 mouse 98 0
5015 mouse 97 0
5016 mouse 96 0
5018 mouse 97 0
5019 mouse 98 0
5024 mouse 101 7
5025 mouse 104 20
5026 mouse 106 30
5027 mouse 108 37
5028 mouse 110 40
5029 mouse 110 41
5033 mouse 110 40
5034 mouse 110 38
5035 mouse 111 35
5036 mouse 111 34
5042 a 1
5046 a 0
5049 mouse 110 38
5050 mouse 108 45
5051 mouse 106 57
5052 mouse 102 72
5053 mouse 100 86
5054 mouse 97 97
5055 mouse 95 105
5056 mouse 93 113
5057 mouse 90 120
5058 mouse 87 124
5059 mouse 85 127
5060 mouse 83 130
5061 mouse 81 132
5062 mouse 80 133
5063 mouse 80 134
5066 mouse 80 133
5068 a 1
5072 a 0
5072 mouse 82 130
5073 mouse 87 123
5074 mouse 95 109
5075 mouse 105 92
5076 mouse 117 74
5077 mouse 127 60
5078 mouse 138 46
5079 mouse 145 36
5080 mouse 148 32
5081 mouse 149 31
5084 mouse 150 32
5085 mouse 152 32
5086 mouse 153 32
5087 mouse 153 33
5088 mouse 154 33
5089 mouse 155 35
5090 mouse 155 37
5091 mouse 155 38
5092 mouse 156 39
5093 mouse 157 40
5094 mouse 158 40
5095 mouse 159 40
5096 mouse 160 39
5097 mouse 161 37
5098 mouse 162 36
5100 mouse 163 36
5102 mouse 164 35
5104 a 1
5106 mouse 165 35
5110 a 0
5113 mouse 165 37
5114 mouse 173 43
5115 mouse 182 52
5116 mouse 190 68
5117 mouse 197 96
5118 mouse 203 138
5119 mouse 208 184
5120 mouse 210 224
5123 mouse 208 224
5124 mouse 207 224
5125 mouse 206 224
5126 mouse 204 224
5127 mouse 202 224
5128 mouse 201 224
5129 mouse 200 224
5139 mouse 199 220
5140 mouse 198 210
5141 mouse 199 200
5142 mouse 201 187
5143 mouse 203 175
5144 mouse 205 166
5145 mouse 208 160
5146 mouse 210 156
5147 mouse 210 153
5148 mouse 211 152
5149 mouse 211 150
5150 mouse 212 149
5151 mouse 212 148
5152 mouse 212 147
5153 mouse 213 145
5154 mouse 214 142
5155 mouse 216 138
5156 mouse 217 135
5161 mouse 211 138
5162 mouse 197 143
5163 mouse 181 147
5164 mouse 164 150
5165 mouse 154 150
5166 mouse 150 150
5168 mouse 150 149
5169 mouse 150 148
5173 mouse 151 147
5174 mouse 151 145
5175 mouse 150 143
5176 mouse 146 140
5177 mouse 139 139
5178 mouse 130 137
5179 mouse 121 136
5180 mouse 113 135
5181 mouse 108 133
5188 a 1
5193 a 0
5195 mouse 107 132
5196 mouse 105 128
5197 mouse 102 120
5198 mouse 99 104
5199 mouse 94 84
5200 mouse 90 61
5201 mouse 88 37
5202 mouse 88 10
5203 mouse 90 0
5204 mouse 93 0
5205 mouse 96 0
5206 mouse 100 0
5207 mouse 102 0
5208 mouse 103 0
5209 mouse 104 0
5210 mouse 105 0
5211 mouse 107 0
5212 mouse 109 0
5214 mouse 110 0
5216 mouse 109 0
5217 mouse 108 0
5218 mouse 109 0
5219 mouse 110 0
5220 mouse 111 0
5222 mouse 112 0
5224 mouse 113 0
5225 mouse 115 0
5226 mouse 118 3
5227 mouse 121 9
5228 mouse 122 17
5229 mouse 120 28
5230 mouse 119 35
5231 mouse 118 38
5232 mouse 119 39
5235 mouse 122 39
5236 mouse 127 38
5237 mouse 134 37
5238 mouse 142 37
5239 mouse 151 39
5240 mouse 158 40
5241 a 1
5241 mouse 159 40
5246 a 0
5247 mouse 159 39
5248 mouse 158 38
5249 mouse 158 39
5250 mouse 159 41
5251 mouse 162 50
5252 mouse 166 70
5253 mouse 171 96
5254 mouse 175 136
5255 mouse 178 184
5256 mouse 182 224
5257 mouse 186 224
5258 mouse 188 224
5259 mouse 189 224
5260 mouse 191 224
5261 mouse 193 224
5263 mouse 192 224
5265 mouse 191 224
5274 mouse 190 223
5275 mouse 188 222
5276 mouse 187 222
5277 mouse 186 221
5278 mouse 185 220
5279 mouse 181 217
5280 mouse 175 208
5281 mouse 168 199
5282 mouse 165 193
5283 mouse 164 191
5284 mouse 164 189
5285 mouse 164 187
5286 mouse 163 185
5287 mouse 163 182
5288 mouse 164 179
5289 mouse 165 176
5290 mouse 165 175
5291 mouse 165 174
5293 a 1
5293 mouse 165 173
5296 a 0
5296 mouse 165 172
5299 mouse 165 171
5300 mouse 163 167
5301 mouse 162 155
5302 mouse 160 133
5303 mouse 156 106
5304 mouse 151 77
5305 mouse 144 45
5306 mouse 135 12
5307 mouse 128 0
5308 mouse 125 0
5309 mouse 124 0
5310 mouse 126 0
5311 mouse 130 0
5312 mouse 134 0
5313 mouse 137 0
5314 mouse 138 0
5315 mouse 139 0
5318 mouse 140 0
5321 mouse 141 0
5323 mouse 142 0
5335 mouse 141 5
5336 mouse 136 15
5337 mouse 126 33
5338 mouse 117 48
5339 mouse 108 63
5340 mouse 101 73
5341 mouse 97 81
5342 mouse 95 85
5343 mouse 95 86
5344 mouse 94 87
5345 mouse 93 88
5349 mouse 92 88
5350 mouse 92 89
5351 mouse 91 89
5352 mouse 90 89
5353 mouse 86 91
5354 mouse 80 93
5355 mouse 76 95
5356 mouse 74 95
5357 mouse 73 95
5358 mouse 72 95
5361 a 1
5365 a 0
5371 mouse 73 95
5372 mouse 75 95
5373 mouse 77 95
5374 mouse 83 95
5375 mouse 91 97
5376 mouse 102 99
5377 mouse 117 102
5378 mouse 132 105
5379 mouse 146 106
5380 mouse 158 108
5381 mouse 167 109
5382 mouse 172 110
5383 mouse 175 110
5386 mouse 176 110
5391 mouse 177 110
5392 a 1
5397 a 0
5397 mouse 176 108
5398 mouse 174 102
5399 mouse 172 87
5400 mouse 168 70
5401 mouse 165 52
5402 mouse 163 33
5403 mouse 161 15
5404 mouse 159 0
5405 mouse 157 0
5406 mouse 155 0
5410 mouse 156 4
5411 a 1
5411 mouse 157 14
5412 mouse 157 27
5413 mouse 157 41
5414 mouse 157 54
5415 mouse 157 62
5416 a 0
5416 mouse 157 66
5417 mouse 158 69
5418 mouse 158 70
5421 mouse 158 71
5424 mouse 158 73
5425 mouse 158 74
5426 mouse 159 76
5427 mouse 160 79
5428 mouse 162 84
5429 mouse 164 90
5430 mouse 167 99
5431 mouse 171 110
5432 mouse 176 123
5433 mouse 180 136
5434 mouse 182 145
5435 mouse 184 151
5436 mouse 185 153
5441 mouse 185 154
5443 mouse 185 155
5444 mouse 185 156
5445 mouse 185 157
5446 mouse 185 158
5453 mouse 184 158
5456 mouse 183 156
5457 mouse 181 153
5458 mouse 179 149
5459 mouse 178 145
5460 mouse 176 141
5461 mouse 176 138
5462 mouse 175 136
5463 mouse 175 135
5464 mouse 175 134
5467 mouse 175 133
5470 mouse 175 132
5471 mouse 174 132
5472 mouse 173 130
5473 mouse 172 129
5474 mouse 172 128
5475 mouse 171 127
5476 mouse 171 126
5477 mouse 171 125
5480 mouse 171 124
5486 mouse 171 123
5488 mouse 171 122
5489 mouse 172 121
5491 mouse 172 120
5494 mouse 172 119
5496 mouse 172 118
5497 mouse 172 117
5498 mouse 172 116
5502 mouse 172 115
5503 mouse 171 114
5504 mouse 171 113
5505 mouse 171 111
5506 mouse 171 110
5507 mouse 171 109
5508 mouse 171 108
5509 a 1
5509 mouse 171 107
5514 a 0
5519 mouse 171 108
5520 mouse 170 114
5521 mouse 170 122
5522 mouse 170 130
5523 mouse 170 136
5524 mouse 170 140
5525 mouse 170 145
5526 mouse 170 150
5527 mouse 171 153
5528 mouse 171 156
5529 mouse 171 158
5530 mouse 171 159
5531 mouse 171 160
5545 a 1
5550 a 0
5556 mouse 171 162
5557 mouse 169 166
5558 mouse 166 170
5559 mouse 163 176
5560 mouse 161 181
5561 mouse 157 186
5562 mouse 153 191
5563 mouse 148 196
5564 mouse 143 199
5565 mouse 140 202
5566 mouse 137 203
5570 a 1
5576 a 0
5576 mouse 138 202
5577 mouse 139 200
5578 mouse 140 198
5579 mouse 140 195
5580 mouse 141 191
5581 mouse 143 184
5582 mouse 144 176
5583 mouse 145 166
5584 mouse 145 156
5585 mouse 146 148
5586 mouse 146 144
5587 mouse 146 142
5589 mouse 146 140
5590 mouse 145 137
5591 mouse 145 135
5592 mouse 145 134
5593 mouse 144 134
5595 mouse 143 133
5596 mouse 142 133
5597 mouse 140 133
5598 mouse 134 132
5599 mouse 128 132
5600 mouse 123 132
5601 mouse 116 132
5602 mouse 108 132
5603 mouse 100 131
5604 mouse 92 129
5605 mouse 86 126
5606 mouse 81 123
5607 mouse 78 120
5608 mouse 76 118
5609 mouse 74 116
5610 mouse 73 114
5611 mouse 72 113
5612 mouse 72 112
5614 mouse 71 112
5617 a 1
5617 mouse 71 111
5622 a 0
5627 mouse 72 111
5628 mouse 75 110
5629 mouse 79 107
5630 mouse 83 104
5631 mouse 90 98
5632 mouse 100 88
5633 mouse 112 72
5634 mouse 125 52
5635 mouse 136 29
5636 mouse 145 10
5637 mouse 155 0
5638 mouse 160 0
5639 mouse 164 0
5640 mouse 165 0
5641 mouse 164 0
5643 mouse 164 3
5644 mouse 166 13
5645 mouse 170 28
5646 mouse 172 39
5647 mouse 173 45
5648 mouse 173 51
5649 mouse 174 57
5650 mouse 175 62
5651 mouse 175 67
5652 mouse 175 70
5653 mouse 175 71
5654 mouse 175 72
5658 mouse 175 73
5659 mouse 174 73
5660 mouse 174 75
5661 mouse 173 80
5662 mouse 171 87
5663 mouse 168 97
5664 mouse 164 108
5665 mouse 161 118
5666 mouse 159 125
5667 mouse 156 131
5668 mouse 151 138
5669 mouse 146 146
5670 mouse 141 152
5671 mouse 137 157
5672 mouse 133 162
5673 mouse 131 165
5674 mouse 129 166
5675 mouse 128 167
5676 mouse 127 168
5677 mouse 127 169
5678 mouse 126 170
5679 mouse 125 172
5680 mouse 124 175
5681 mouse 123 177
5682 mouse 123 178
5684 a 1
5684 mouse 124 178
5688 a 0
5689 mouse 125 177
5690 mouse 127 177
5691 mouse 129 176
5692 mouse 130 175
5693 mouse 131 174
5694 mouse 132 172
5695 mouse 132 167
5696 mouse 134 160
5697 mouse 136 150
5698 mouse 139 135
5699 mouse 142 122
5700 mouse 143 112
5701 mouse 144 108
5702 mouse 144 105
5703 mouse 144 103
5704 mouse 143 101
5705 mouse 143 100
5706 mouse 143 99
5707 mouse 143 98
5708 mouse 143 97
5709 mouse 143 95
5710 mouse 143 93
5711 mouse 142 90
5712 mouse 141 89
5716 mouse 140 88
5717 mouse 140 87
5718 mouse 140 86
5719 mouse 140 83
5720 mouse 139 80
5721 mouse 138 79
5724 mouse 138 78
5725 mouse 138 77
5726 a 1
5726 mouse 138 76
5732 a 0
5735 mouse 138 77
5736 mouse 137 80
5737 mouse 136 85
5738 mouse 134 93
5739 mouse 129 103
5740 mouse 124 113
5741 mouse 119 121
5742 mouse 117 126
5743 mouse 115 130
5744 mouse 113 135
5745 mouse 111 138
5746 mouse 110 140
5747 mouse 110 141
5748 mouse 110 142
5749 mouse 108 145
5750 mouse 106 149
5751 mouse 105 153
5752 mouse 103 157
5753 mouse 102 159
5754 mouse 102 160
5755 mouse 102 161
5758 mouse 102 162
5759 mouse 101 165
5760 mouse 100 167
5761 mouse 100 168
5763 a 1
5768 a 0
5769 mouse 100 167
5770 mouse 103 165
5771 mouse 106 163
5772 mouse 113 158
5773 mouse 123 150
5774 mouse 136 140
5775 mouse 148 129
5776 mouse 159 120
5777 mouse 168 114
5778 mouse 172 111
5779 mouse 172 109
5781 mouse 172 108
5787 mouse 173 108
5788 mouse 174 108
5789 mouse 174 107
5793 a 1
5798 a 0
5804 mouse 175 110
5805 mouse 174 114
5806 mouse 173 121
5807 mouse 172 129
5808 mouse 172 135
5809 mouse 171 142
5810 mouse 171 146
5811 mouse 171 150
5812 mouse 171 152
5813 mouse 171 154
5814 mouse 171 156
5815 mouse 169 159
5816 mouse 169 160
5817 mouse 169 161
5819 a 1
5819 mouse 169 162
5825 a 0
5826 mouse 171 159
5827 mouse 172 153
5828 mouse 173 145
5829 mouse 173 135
5830 mouse 173 130
5831 mouse 172 128
5832 mouse 172 127
5836 a 1
5843 a 0
5847 mouse 172 129
5848 mouse 172 133
5849 mouse 172 144
5850 mouse 172 166
5851 mouse 172 198
5852 mouse 171 224
5853 mouse 168 224
5854 mouse 165 224
5855 mouse 164 224
5856 mouse 163 224
5864 mouse 162 222
5865 mouse 160 218
5866 mouse 158 213
5867 mouse 155 208
5868 mouse 153 202
5869 mouse 151 194
5870 mouse 148 185
5871 mouse 146 178
5872 mouse 143 170
5873 mouse 139 162
5874 mouse 136 156
5875 mouse 134 155
5876 mouse 132 154
5877 mouse 129 152
5878 mouse 126 150
5879 mouse 125 148
5880 mouse 124 147
5881 mouse 123 146
5882 mouse 119 145
5883 mouse 114 143
5884 mouse 109 141
5885 mouse 106 140
5888 a 1
5888 mouse 105 142
5894 a 0
5898 mouse 105 141
5899 mouse 106 140
5900 mouse 106 139
5901 mouse 110 134
5902 mouse 115 126
5903 mouse 123 112
5904 mouse 132 93
5905 mouse 142 69
5906 mouse 149 45
5907 mouse 154 23
5908 mouse 158 7
5909 mouse 160 0
5913 mouse 160 1
5914 mouse 160 6
5915 mouse 159 13
5916 mouse 158 20
5917 mouse 158 24
5918 mouse 158 26
5919 mouse 158 27
5920 mouse 158 28
5921 mouse 157 31
5922 mouse 156 35
5923 mouse 155 38
5924 mouse 154 43
5925 mouse 153 48
5926 mouse 152 53
5927 mouse 151 59
5928 mouse 151 62
5929 mouse 152 65
5930 mouse 154 70
5931 mouse 156 76
5932 mouse 158 81
5933 mouse 159 83
5934 mouse 160 85
5940 mouse 161 85
5944 mouse 163 86
5945 mouse 165 88
5946 mouse 167 89
5947 mouse 169 90
5948 mouse 170 90
5951 a 1
5956 a 0
5962 mouse 169 92
5963 mouse 170 97
5964 mouse 169 107
5965 mouse 165 124
5966 mouse 159 148
5967 mouse 148 180
5968 mouse 137 215
5969 mouse 129 224
5970 mouse 124 224
5973 mouse 126 224
5976 mouse 126 223
5977 mouse 126 217
5978 mouse 125 207
5979 mouse 125 198
5980 mouse 124 190
5981 mouse 123 183
5982 mouse 121 178
5983 mouse 120 177
5984 mouse 120 176
5985 mouse 119 176
5987 mouse 118 176
5988 mouse 117 177
5990 mouse 117 176
5991 mouse 115 175
5992 mouse 114 175
5993 mouse 114 176
5994 mouse 114 178
5995 mouse 114 179
5997 mouse 113 178
5998 mouse 111 175
5999 mouse 107 169
6000 mouse 100 158
6001 mouse 95 150
6002 mouse 91 143
6003 mouse 88 136
6004 mouse 86 133
6005 mouse 85 131
6006 mouse 85 130
6007 mouse 86 128
6008 mouse 86 124
6009 mouse 87 118
6010 mouse 88 110
6011 mouse 87 105
6012 mouse 86 102
6013 mouse 85 99
6014 mouse 85 98
6017 a 1
6018 mouse 85 97
6022 a 0
6026 mouse 85 96
6029 mouse 84 95
6031 mouse 84 93
6032 mouse 83 90
6033 mouse 83 86
6034 mouse 81 78
6035 mouse 81 72
6036 mouse 81 69
6037 mouse 84 66
6038 mouse 88 61
6039 mouse 94 56
6040 mouse 103 50
6041 mouse 115 43
6042 mouse 132 36
6043 mouse 149 31
6044 mouse 165 29
6045 mouse 172 28
6046 mouse 174 28
6050 mouse 174 30
6052 mouse 174 31
6053 mouse 174 32
6054 mouse 174 33
6055 mouse 173 34
6059 mouse 172 33
6060 mouse 171 31
6061 mouse 169 28
6062 mouse 169 27
6063 mouse 168 27
6064 a 1
6070 a 0
6076 mouse 168 26
6078 mouse 169 26
6079 mouse 170 24
6080 mouse 170 18
6081 mouse 171 7
6082 mouse 169 0
6083 mouse 166 0
6084 mouse 164 0
6085 mouse 162 0
6086 mouse 160 0
6091 mouse 160 12
6092 mouse 159 30
6093 mouse 159 47
6094 mouse 159 61
6095 mouse 156 75
6096 mouse 152 86
6097 mouse 149 95
6098 mouse 147 102
6099 mouse 146 107
6100 mouse 145 109
6101 mouse 145 111
6102 mouse 145 112
6103 mouse 145 114
6104 mouse 145 115
6105 mouse 144 117
6106 mouse 144 120
6107 mouse 144 125
6108 mouse 144 130
6109 mouse 144 135
6110 mouse 144 138
6111 mouse 144 141
6112 mouse 144 142
6113 mouse 145 142
6114 mouse 145 143
6116 mouse 145 144
6117 mouse 145 145
6118 mouse 145 146
6119 mouse 145 147
6120 mouse 145 148
6121 mouse 145 149
6122 mouse 145 150
6123 mouse 145 151
6124 mouse 145 152
6127 mouse 145 153
6132 mouse 145 154
6149 mouse 146 154
6153 mouse 148 153
6154 mouse 150 153
6155 mouse 154 150
6156 mouse 159 146
6157 mouse 166 139
6158 mouse 172 130
6159 mouse 174 124
6160 mouse 175 121
6161 mouse 175 119
6162 mouse 174 117
6163 mouse 174 115
6164 mouse 174 113
6165 mouse 173 110
6166 mouse 173 108
6167 mouse 173 107
6168 mouse 172 105
6169 mouse 171 105
6170 mouse 171 104
6175 a 1
6180 a 0
6214 mouse 172 105
6215 mouse 174 107
6216 mouse 177 109
6217 mouse 180 112
6218 mouse 184 115
6219 mouse 188 118
6220 mouse 189 119
6221 mouse 190 120
6222 mouse 190 122
6223 mouse 190 123
6225 mouse 190 124
6228 mouse 190 125
6229 mouse 190 126
6231 mouse 190 127
6233 mouse 190 128
6234 mouse 190 129
6235 mouse 190 130
6238 mouse 190 131
6244 mouse 190 132
6273 mouse 190 131
6277 mouse 189 131
6278 mouse 189 132
6279 mouse 188 133
6280 mouse 186 134
6281 mouse 185 135
6282 mouse 184 136
6283 mouse 183 137
6284 mouse 182 137
6285 mouse 180 138
6286 mouse 178 138
6287 mouse 175 138
6288 mouse 174 138
6289 mouse 174 137
6290 mouse 173 137
6292 mouse 173 136
6293 mouse 172 136
6294 mouse 172 135
6324 mouse 172 136
6326 mouse 171 136
6329 mouse 171 137
6338 mouse 170 138
6339 mouse 169 138
6340 mouse 168 138
6341 mouse 165 139
6342 mouse 162 139
6343 mouse 158 140
6344 mouse 154 140
6345 mouse 152 140
6346 mouse 151 140
6347 mouse 150 139
6348 mouse 149 139
6349 mouse 148 139
6356 mouse 149 139
6358 mouse 150 139
6398 mouse 150 138
6399 mouse 150 137
6400 mouse 149 135
6401 mouse 147 130
6402 mouse 143 125
6403 mouse 138 118
6404 mouse 131 108
6405 mouse 126 102
6406 mouse 123 99
6407 mouse 123 98
6408 mouse 123 97
6416 mouse 123 98
6417 mouse 123 99
6418 mouse 124 100
6419 mouse 124 102
6420 mouse 125 104
6421 mouse 125 105
6422 mouse 126 107
6423 mouse 127 109
6424 mouse 128 110
6426 mouse 129 111
6429 mouse 129 112
6440 mouse 129 111
6441 mouse 129 108
6442 mouse 128 103
6443 mouse 126 96
6444 mouse 122 86
6445 mouse 117 76
6446 mouse 113 69
6447 mouse 108 60
6448 mouse 105 53
6449 mouse 103 47
6450 mouse 102 42
6451 mouse 101 42
6455 mouse 102 45
6456 mouse 103 49
6457 mouse 104 56
6458 mouse 106 65
6459 mouse 108 74
6460 mouse 111 84
6461 mouse 116 93
6462 mouse 120 99
6463 mouse 123 102
6464 mouse 127 106
6465 mouse 131 110
6466 mouse 135 115
6467 mouse 138 118
6468 mouse 140 119
6469 mouse 140 120
6471 mouse 140 121
6472 mouse 141 122
6473 mouse 142 123
6474 mouse 143 125
6475 mouse 144 128
6476 mouse 145 130
6477 mouse 146 131
6478 mouse 146 132
6479 mouse 146 133
6484 mouse 146 134
6495 mouse 146 133
6501 mouse 145 133
6502 mouse 144 133
6503 mouse 142 132
6504 mouse 140 130
6505 mouse 136 127
6506 mouse 130 119
6507 mouse 122 108
6508 mouse 118 91
6509 mouse 115 71
6510 mouse 111 48
6511 mouse 108 24
6512 mouse 106 0
6513 mouse 105 0
6515 mouse 108 0
6516 mouse 110 0
6517 mouse 112 1
6518 mouse 116 9
6519 mouse 123 24
6520 mouse 129 40
6521 mouse 133 58
6522 mouse 136 74
6523 mouse 139 88
6524 mouse 142 100
6525 mouse 145 111
6526 mouse 148 120
6527 mouse 150 127
6528 mouse 151 133
6529 mouse 153 138
6530 mouse 154 143
6531 mouse 155 146
6532 mouse 156 148
6533 mouse 156 150
6535 mouse 157 150
6536 mouse 157 151
6537 mouse 156 151
6538 mouse 156 152
6541 mouse 156 153
6543 mouse 155 155
6544 mouse 153 156
6545 mouse 152 158
6546 mouse 149 160
6547 mouse 145 162
6548 mouse 137 164
6549 mouse 126 167
6550 mouse 116 169
6551 mouse 109 171
6552 mouse 104 172
6553 mouse 102 173
6555 mouse 101 173
6556 mouse 100 173
6557 mouse 100 174
6558 mouse 99 174
6559 mouse 98 174
6560 mouse 98 175
6562 mouse 97 175
6563 mouse 96 176
6564 mouse 94 177
6565 mouse 91 178
6566 mouse 88 179
6567 mouse 84 180
6568 mouse 80 181
6569 mouse 77 181
6570 mouse 75 181
6571 mouse 73 180
6572 mouse 72 180
6573 mouse 71 180
6580 a 1
6585 a 0
6592 a 1
6597 a 0
6617 mouse 72 179
6618 mouse 79 176
6619 mouse 90 173
6620 mouse 103 168
6621 mouse 115 164
6622 mouse 125 160
6623 mouse 129 158
6624 mouse 130 158
6630 mouse 131 158
6632 mouse 131 157
6633 mouse 132 157
6635 mouse 133 157
6636 mouse 133 156
6637 mouse 135 155
6638 mouse 137 153
6639 mouse 138 152
6640 mouse 139 151
6641 mouse 140 149
6642 mouse 141 148
6643 mouse 141 147
6653 mouse 141 146
6708 a 1
6714 a 0
6717 mouse 140 145
6718 mouse 138 144
6719 mouse 135 140
6720 mouse 131 134
6721 mouse 128 129
6722 mouse 124 125
6723 mouse 121 123
6724 mouse 118 120
6725 mouse 111 117
6726 mouse 104 113
6727 mouse 95 109
6728 mouse 88 107
6729 mouse 86 105
6731 mouse 85 105
6732 a 1
6737 a 0
6741 mouse 85 104
6759 mouse 85 105
6760 mouse 86 105
6761 mouse 89 107
6762 mouse 92 110
6763 mouse 96 113
6764 mouse 99 116
6765 mouse 103 120
6766 mouse 105 122
6767 mouse 108 125
6768 mouse 109 127
6769 mouse 110 128
6770 mouse 111 129
6771 mouse 112 130
6782 mouse 113 129
6784 mouse 113 128
6785 mouse 112 128
6786 mouse 112 127
6788 mouse 112 126
6789 mouse 111 126
6792 mouse 111 125
6794 mouse 110 125
6797 mouse 110 124
6798 mouse 109 123
6800 mouse 108 123
6801 mouse 108 122
6802 mouse 107 121
6803 mouse 106 120
6804 mouse 105 118
6805 mouse 104 117
6806 mouse 104 116
6807 mouse 104 115
6808 mouse 104 114
6809 mouse 103 113
6811 mouse 103 112
6812 mouse 103 111
6821 a 1
6825 a 0
6829 mouse 102 110
6830 mouse 100 109
6831 mouse 98 108
6832 mouse 97 108
6833 mouse 95 108
6834 mouse 94 108
6835 mouse 93 108
6836 mouse 90 108
6837 mouse 83 108
6838 mouse 74 109
6839 mouse 65 110
6840 mouse 57 110
6841 mouse 50 110
6842 mouse 46 110
6843 mouse 42 109
6844 mouse 36 110
6845 mouse 31 110
6846 mouse 26 111
6847 mouse 21 111
6848 mouse 18 112
6849 mouse 15 112
6850 mouse 13 113
6851 mouse 10 114
6852 mouse 6 116
6853 mouse 3 117
6854 mouse 0 118
6855 mouse 0 119
6865 mouse 0 118
6866 mouse 1 118
6869 mouse 1 120
6870 mouse 1 121
6871 mouse 0 123
6873 mouse 0 124
6875 a 1
6880 a 0
6894 mouse 1 124
6895 mouse 3 125
6896 mouse 6 125
6897 mouse 11 125
6898 mouse 18 125
6899 mouse 24 125
6900 mouse 29 125
6901 mouse 33 124
6902 mouse 36 123
6903 mouse 37 123
6904 mouse 38 123
6905 mouse 39 123
6907 mouse 41 122
6908 mouse 42 122
6909 mouse 43 122
6910 mouse 44 122
6911 mouse 45 122
6912 mouse 47 122
6913 mouse 49 122
6914 mouse 50 122
6915 mouse 51 122
6916 mouse 51 121
6920 mouse 52 121
6925 mouse 51 121
6926 mouse 49 120
6927 mouse 44 118
6928 mouse 39 118
6929 mouse 33 117
6930 mouse 29 117
6931 mouse 28 117
6933 a 1
6939 a 0
6943 mouse 29 117
6944 mouse 30 116
6945 mouse 33 116
6946 mouse 40 115
6947 mouse 49 115
6948 mouse 57 115
6949 mouse 65 115
6950 mouse 71 114
6951 mouse 75 114
6952 mouse 78 114
6953 mouse 79 114
6954 mouse 81 114
6955 mouse 83 113
6956 mouse 84 113
6957 mouse 85 113
6958 mouse 86 112
6959 mouse 87 112
6960 mouse 88 112
6962 mouse 90 111
6963 mouse 92 110
6964 mouse 94 108
6965 mouse 98 106
6966 mouse 102 104
6967 mouse 108 101
6968 mouse 113 99
6969 mouse 121 95
6970 mouse 129 91
6971 mouse 136 88
6972 mouse 143 86
6973 mouse 148 84
6974 mouse 153 83
6975 mouse 157 82
6976 mouse 159 82
6977 mouse 160 82
6993 mouse 160 83
6994 mouse 162 83
6995 mouse 165 84
6996 mouse 168 85
6997 mouse 170 86
6998 mouse 173 87
6999 mouse 175 88
7000 mouse 176 89
7001 a 1
7002 mouse 177 89
7005 a 0
7008 mouse 176 89
7009 mouse 174 90
7010 mouse 166 94
7011 mouse 151 101
7012 mouse 123 113
7013 mouse 80 132
7014 mouse 30 153
7015 mouse -24 172
7016 mouse -74 188
7017 mouse -80 200
7018 mouse -80 208
7019 mouse -80 211
7020 mouse -80 212
7022 mouse -80 211
7024 mouse -80 210
7025 mouse -79 203
7026 mouse -75 195
7027 mouse -67 184
7028 mouse -53 172
7029 mouse -33 158
7030 mouse -9 146
7031 mouse 13 136
7032 mouse 32 127
7033 mouse 45 123
7034 mouse 53 124
7035 mouse 55 127
7046 mouse 58 124
7047 mouse 68 116
7048 mouse 82 108
7049 mouse 94 100
7050 mouse 103 92
7051 mouse 109 84
7052 mouse 111 79
7053 mouse 111 75
7054 mouse 110 71
7055 mouse 110 68
7056 mouse 110 67
7057 mouse 110 66
7058 mouse 110 65
7060 mouse 109 65
7062 mouse 108 64
7063 mouse 107 64
7064 mouse 106 64
7065 mouse 104 64
7066 mouse 103 64
7067 mouse 102 64
7070 mouse 101 64
7072 mouse 100 65
7074 mouse 99 66
7075 mouse 98 66
7079 mouse 98 67
7084 mouse 98 68
7085 mouse 99 68
7087 mouse 100 68
7088 mouse 101 68
7089 mouse 103 68
7090 mouse 106 69
7091 mouse 109 69
7092 mouse 111 69
7093 mouse 112 69
7098 a 1
7103 a 0
7105 mouse 113 69
7106 mouse 115 69
7107 mouse 118 69
7108 mouse 120 69
7109 mouse 123 69
7110 mouse 128 69
7111 mouse 136 69
7112 mouse 149 68
7113 mouse 168 68
7114 mouse 192 66
7115 mouse 223 64
7116 mouse 256 61
7117 mouse 296 57
7118 mouse 319 53
7119 mouse 319 47
7120 mouse 319 41
7121 mouse 319 36
7122 mouse 319 31
7123 mouse 319 28
7124 mouse 319 27
7126 mouse 318 27
7127 mouse 312 27
7128 mouse 306 28
7129 mouse 295 30
7130 mouse 280 33
7131 mouse 261 38
7132 mouse 243 42
7133 mouse 225 48
7134 mouse 214 54
7135 mouse 207 57
7136 mouse 206 58
7137 mouse 205 58
7139 a 1
7145 a 0
7159 mouse 211 58
7160 mouse 235 58
7161 mouse 280 57
7162 mouse 319 53
7163 mouse 319 47
7164 mouse 319 41
7165 mouse 319 36
7166 mouse 319 34
7167 mouse 319 33
7174 mouse 309 33
7175 mouse 292 35
7176 mouse 271 40
7177 mouse 242 48
7178 mouse 210 56
7179 mouse 177 62
7180 mouse 153 67
7181 mouse 134 70
7182 mouse 120 70
7183 mouse 110 70
7184 mouse 103 69
7185 mouse 100 69
7186 mouse 99 69
7189 mouse 97 68
7190 mouse 90 67
7191 mouse 80 66
7192 mouse 67 66
7193 mouse 56 66
7194 mouse 46 65
7195 mouse 43 65
7196 mouse 42 65
7198 mouse 41 65
7199 mouse 40 66
7200 mouse 39 66
7202 mouse 39 67
7203 mouse 38 67
7205 mouse 37 68
7208 a 1
7213 a 0
7217 mouse 33 68
7218 mouse 22 70
7219 mouse 3 71
7220 mouse -22 71
7221 mouse -51 70
7222 mouse -76 70
7223 mouse -80 69
7225 mouse -80 68
7236 mouse -78 68
7237 mouse -66 68
7238 mouse -51 67
7239 mouse -39 66
7240 mouse -30 66
7241 mouse -26 66
7242 mouse -20 66
7243 mouse -12 67
7244 mouse -6 67
7245 mouse -3 67
7247 mouse -4 67
7248 mouse -9 67
7249 mouse -16 67
7250 mouse -25 67
7251 mouse -43 67
7252 mouse -67 67
7253 mouse -80 67
7254 mouse -80 66
7255 mouse -80 65
7256 mouse -80 64
7257 mouse -80 63
7260 mouse -78 63
7261 mouse -66 63
7262 mouse -45 63
7263 mouse -17 64
7264 mouse 10 65
7265 mouse 32 65
7266 mouse 44 66
7267 mouse 48 67
7272 mouse 47 64
7273 mouse 46 50
7274 mouse 44 28
7275 mouse 41 8
7276 mouse 38 0
7277 mouse 35 0
7278 mouse 31 0
7279 mouse 26 0
7280 mouse 22 0
7281 mouse 21 0
7288 mouse 22 0
7289 mouse 23 0
7290 mouse 26 4
7291 mouse 30 13
7292 mouse 36 27
7293 mouse 40 44
7294 mouse 44 59
7295 mouse 46 71
7296 mouse 46 75
7297 a 1
7297 mouse 47 76
7302 a 0
7309 mouse 48 77
7310 mouse 49 79
7311 mouse 50 80
7313 mouse 51 80
7316 mouse 52 78
7317 mouse 54 74
7318 mouse 55 71
7321 mouse 58 82
7322 mouse 59 112
7323 mouse 59 162
7324 mouse 58 213
7325 mouse 60 224
7326 mouse 66 224
7327 mouse 72 224
7328 mouse 78 224
7329 mouse 84 224
7330 mouse 87 224
7331 mouse 88 224
7336 mouse 89 224
7338 mouse 90 224
7339 mouse 94 224
7340 mouse 99 224
7341 mouse 104 224
7342 mouse 109 224
7343 mouse 111 223
7344 mouse 113 222
7345 mouse 116 220
7346 mouse 120 216
7347 mouse 126 210
7348 mouse 133 200
7349 mouse 139 186
7350 mouse 144 168
7351 mouse 150 142
7352 mouse 160 107
7353 mouse 171 72
7354 mouse 182 35
7355 mouse 191 0
7356 mouse 196 0
7357 mouse 197 0
7358 mouse 194 0
7359 mouse 190 0
7360 mouse 187 0
7361 mouse 185 0
7363 mouse 184 0
7364 mouse 180 0
7365 mouse 175 0
7366 mouse 172 0
7367 mouse 170 0
7368 mouse 169 0
7370 mouse 168 0
7376 mouse 169 0
7377 mouse 178 5
7378 mouse 196 15
7379 mouse 220 25
7380 mouse 249 30
7381 mouse 275 33
7382 mouse 301 36
7383 mouse 319 40
7384 mouse 319 46
7385 mouse 319 57
7386 mouse 319 70
7387 mouse 319 86
7388 mouse 319 99
7389 mouse 319 113
7390 mouse 319 126
7391 mouse 317 141
7392 mouse 311 156
7393 mouse 300 173
7394 mouse 286 188
7395 mouse 272 202
7396 mouse 260 218
7397 mouse 247 224
7398 mouse 233 224
7399 mouse 222 224
7400 mouse 214 224
7401 mouse 207 224
7402 mouse 201 224
7403 mouse 195 224
7404 mouse 191 224
7405 mouse 187 224
7406 mouse 182 224
7407 mouse 175 224
7408 mouse 164 223
7409 mouse 152 222
7410 mouse 134 219
7411 mouse 111 213
7412 mouse 84 207
7413 mouse 52 198
7414 mouse 20 187
7415 mouse -13 171
7416 mouse -44 153
7417 mouse -77 129
7418 mouse -80 100
7419 mouse -80 71
7420 mouse -80 45
7421 mouse -80 16
7422 mouse -80 0
7423 mouse -76 0
7424 mouse -67 0
7425 mouse -56 0
7426 mouse -45 0
7427 mouse -34 0
7428 mouse -24 0
7429 mouse -9 0
7430 mouse 7 0
7431 mouse 22 0
7432 mouse 38 0
7433 mouse 53 0
7434 mouse 67 0
7435 mouse 80 0
7436 mouse 91 0
7437 mouse 102 0
7438 mouse 113 0
7439 mouse 123 0
7440 mouse 132 0
7441 mouse 142 2
7442 mouse 150 7
7443 mouse 159 20
7444 mouse 167 37
7445 mouse 173 57
7446 mouse 173 76
7447 mouse 169 98
7448 mouse 160 123
7449 mouse 153 150
7450 mouse 147 177
7451 mouse 143 204
7452 mouse 139 224
7453 mouse 137 224
7454 mouse 136 224
7455 mouse 135 224
7456 mouse 136 224
7458 mouse 138 224
7461 mouse 138 217
7462 mouse 136 198
7463 mouse 133 173
7464 mouse 132 147
7465 mouse 133 126
7466 mouse 135 112
7467 mouse 135 101
7468 mouse 135 92
7469 mouse 135 90
7470 mouse 135 89
7472 mouse 135 88
7473 mouse 136 87
7474 mouse 136 85
7475 mouse 137 82
7476 mouse 138 78
7477 mouse 139 74
7478 mouse 140 68
7479 mouse 140 65
7482 a 1
7488 a 0
7491 mouse 139 65
7492 mouse 138 65
7493 mouse 135 66
7494 mouse 133 67
7495 mouse 131 68
7496 mouse 130 69
7497 mouse 129 69
7498 mouse 126 69
7499 mouse 121 67
7500 mouse 116 64
7501 mouse 108 56
7502 mouse 97 44
7503 mouse 87 33
7504 mouse 79 24
7505 mouse 72 12
7506 mouse 65 0
7507 mouse 62 0
7509 a 1
7515 mouse 62 1
7516 a 0
7516 mouse 63 10
7517 mouse 66 24
7518 mouse 70 44
7519 mouse 74 64
7520 mouse 77 78
7521 mouse 80 89
7522 mouse 82 97
7523 mouse 84 102
7524 mouse 84 103
7528 mouse 84 104
7529 mouse 85 105
7530 mouse 85 106
7531 mouse 86 107
7533 mouse 86 108
7534 mouse 86 109
7535 mouse 87 110
7536 mouse 88 111
7537 mouse 89 113
7538 mouse 90 115
7539 mouse 91 116
7540 mouse 92 117
7542 mouse 93 118
7543 mouse 94 119
7544 mouse 96 122
7545 mouse 99 126
7546 mouse 101 130
7547 mouse 102 134
7548 mouse 103 138
7549 mouse 103 141
7550 mouse 104 142
7558 a 1
7564 a 0
7568 mouse 103 142
7570 mouse 103 141
7571 mouse 102 140
7572 mouse 98 137
7573 mouse 93 132
7574 mouse 84 123
7575 mouse 73 114
7576 mouse 59 104
7577 mouse 46 98
7578 mouse 29 92
7579 mouse 3 88
7580 mouse -35 85
7581 mouse -76 84
7582 mouse -80 85
7583 mouse -80 86
7584 mouse -80 88
7585 mouse -80 89
7586 mouse -80 90
7587 mouse -80 92
7588 mouse -80 93
7591 mouse -80 94
7592 mouse -79 96
7593 mouse -72 102
7594 mouse -61 111
7595 mouse -47 122
7596 mouse -28 135
7597 mouse -6 155
7598 mouse 12 179
7599 mouse 26 207
7600 mouse 38 224
7601 mouse 49 224
7602 mouse 59 224
7603 mouse 71 224
7604 mouse 81 224
7605 mouse 88 224
7606 mouse 95 224
7607 mouse 99 224
7608 mouse 101 224
7609 mouse 102 224
7610 mouse 103 224
7616 mouse 107 222
7617 mouse 120 219
7618 mouse 145 216
7619 mouse 177 215
7620 mouse 212 218
7621 mouse 253 222
7622 mouse 297 224
7623 mouse 319 224
7626 mouse 319 223
7627 mouse 319 217
7628 mouse 319 209
7629 mouse 319 200
7630 mouse 319 191
7631 mouse 319 185
7632 mouse 318 181
7633 mouse 312 176
7634 mouse 301 173
7635 mouse 282 171
7636 mouse 256 171
7637 mouse 223 174
7638 mouse 196 179
7639 mouse 175 186
7640 mouse 160 193
7641 mouse 151 196
7642 mouse 146 198
7643 mouse 145 199
7644 a 1
7648 a 0
7649 mouse 145 198
7650 mouse 145 197
7651 mouse 144 193
7652 mouse 144 185
7653 mouse 143 168
7654 mouse 135 133
7655 mouse 120 89
7656 mouse 106 48
7657 mouse 93 4
7658 mouse 84 0
7659 mouse 80 0
7661 mouse 82 0
7662 mouse 85 0
7663 mouse 91 0
7664 mouse 97 0
7665 mouse 101 0
7666 mouse 103 0
7667 mouse 105 0
7668 mouse 107 0
7670 mouse 108 0
7678 mouse 106 7
7679 mouse 107 23
7680 mouse 108 39
7681 mouse 108 57
7682 mouse 108 74
7683 mouse 108 90
7684 mouse 107 103
7685 mouse 107 116
7686 mouse 107 127
7687 mouse 107 132
7698 mouse 107 130
7699 mouse 109 124
7700 mouse 112 110
7701 mouse 117 81
7702 mouse 120 52
7703 mouse 121 18
7704 mouse 120 0
7705 mouse 119 0
7711 mouse 121 8
7712 mouse 123 18
7713 mouse 127 30
7714 mouse 130 44
7715 mouse 131 56
7716 mouse 131 68
7717 mouse 131 77
7718 mouse 131 82
7719 mouse 131 84
7720 mouse 131 85
7727 mouse 131 86
7729 mouse 131 88
7730 mouse 131 92
7731 mouse 130 103
7732 mouse 128 124
7733 mouse 125 158
7734 mouse 122 205
7735 mouse 122 224
7736 mouse 127 224
7737 mouse 133 224
7738 mouse 140 224
7739 mouse 145 224
7740 mouse 148 224
7741 mouse 150 224
7744 mouse 149 224
7751 mouse 149 223
7752 mouse 148 216
7753 mouse 146 200
7754 mouse 146 184
7755 mouse 148 173
7756 mouse 149 169
7757 mouse 149 167
7758 mouse 149 166
7759 mouse 149 165
7760 mouse 150 165
7762 mouse 150 163
7763 mouse 151 160
7764 mouse 151 155
7765 mouse 151 153
7779 mouse 151 152
7780 mouse 151 151
7797 mouse 151 150
7799 mouse 151 149
7800 mouse 151 148
7801 mouse 150 147
7802 mouse 150 145
7803 mouse 149 142
7804 mouse 148 137
7805 mouse 146 131
7806 mouse 144 125
7807 mouse 142 118
7808 mouse 140 109
7809 mouse 138 98
7810 mouse 137 88
7811 mouse 135 82
7812 mouse 133 76
7813 mouse 131 71
7814 mouse 130 69
7815 mouse 129 67
7817 mouse 129 66
7819 mouse 128 66
7820 mouse 128 65
7823 mouse 127 65
7830 mouse 126 65
7835 mouse 129 73
7836 mouse 137 91
7837 mouse 156 124
7838 mouse 184 160
7839 mouse 216 193
7840 mouse 247 216
7841 mouse 275 224
7842 mouse 306 224
7843 mouse 319 224
7849 mouse 318 224
7850 mouse 316 224
7851 mouse 310 223
7852 mouse 300 220
7853 mouse 284 214
7854 mouse 257 205
7855 mouse 234 197
7856 mouse 219 190
7857 mouse 205 182
7858 mouse 193 172
7859 mouse 184 161
7860 mouse 175 149
7861 mouse 169 139
7862 mouse 164 130
7863 mouse 159 119
7864 mouse 154 107
7865 mouse 150 93
7866 mouse 146 77
7867 mouse 144 57
7868 mouse 141 27
7869 mouse 139 0
7870 mouse 136 0
7871 mouse 135 0
7874 mouse 136 0
7875 mouse 137 0
7878 mouse 140 9
7879 mouse 143 23
7880 mouse 145 38
7881 mouse 144 51
7882 mouse 142 59
7883 mouse 138 65
7884 mouse 133 69
7885 mouse 128 70
7886 mouse 123 71
7887 mouse 117 71
7888 mouse 108 69
7889 mouse 98 66
7890 mouse 86 63
7891 mouse 77 62
7892 mouse 71 62
7893 mouse 69 64
7894 mouse 67 69
7895 mouse 65 77
7896 mouse 61 88
7897 mouse 57 95
7898 mouse 53 100
7899 mouse 51 102
7900 mouse 49 104
7901 mouse 48 105
7906 a 1
7910 a 0
7911 mouse 48 104
7917 mouse 48 105
7918 mouse 45 108
7919 mouse 37 114
7920 mouse 26 122
7921 mouse 16 128
7922 mouse 10 132
7923 mouse 9 133
7924 mouse 8 134
7925 mouse 7 136
7926 mouse 3 139
7927 mouse -1 143
7928 mouse -4 146
7929 mouse -4 147
7930 mouse -5 147
7931 mouse -5 148
7932 mouse -7 149
7933 mouse -10 150
7934 mouse -13 151
7935 mouse -17 152
7936 mouse -18 152
7938 a 1
7943 a 0
7948 mouse -17 152
7949 mouse -15 152
7950 mouse -12 152
7951 mouse -9 153
7952 mouse -7 153
7954 mouse -7 155
7955 mouse -11 163
7956 mouse -22 176
7957 mouse -42 192
7958 mouse -74 208
7959 mouse -80 222
7960 mouse -80 224
7963 mouse -80 222
7964 mouse -80 218
7965 mouse -80 213
7966 mouse -80 208
7967 mouse -80 202
7968 mouse -80 195
7969 mouse -75 188
7970 mouse -65 181
7971 mouse -45 173
7972 mouse -17 166
7973 mouse 9 160
7974 mouse 36 154
7975 mouse 58 148
7976 mouse 79 142
7977 mouse 95 137
7978 mouse 106 133
7979 mouse 111 129
7980 mouse 111 128
7981 mouse 111 127
7982 mouse 111 124
7983 mouse 111 121
7984 mouse 110 116
7985 mouse 110 112
7986 mouse 110 110
7987 mouse 111 108
7988 mouse 112 106
7989 mouse 113 103
7990 mouse 115 101
7991 mouse 116 99
7992 mouse 116 97
7993 mouse 117 97
7994 mouse 117 96
7996 mouse 117 95
7997 mouse 117 94
8001 mouse 117 93
8003 a 1
8008 a 0
8008 mouse 116 93
8009 mouse 112 91
8010 mouse 104 89
8011 mouse 94 86
8012 mouse 81 81
8013 mouse 69 78
8014 mouse 55 74
8015 mouse 44 71
8016 mouse 38 69
8017 mouse 35 68
8019 mouse 34 68
8020 mouse 31 68
8021 mouse 28 68
8022 mouse 24 69
8023 mouse 20 69
8024 mouse 15 69
8025 mouse 10 70
8026 mouse 6 70
8027 mouse 5 70
8030 a 1
8035 a 0
8046 mouse 6 70
8048 mouse 7 70
8049 mouse 8 70
8050 mouse 9 70
8053 mouse 10 70
8055 mouse 11 70
8077 mouse 12 70
8084 mouse 13 71
8085 mouse 16 72
8086 mouse 20 73
8087 mouse 24 75
8088 mouse 30 76
8089 mouse 36 78
8090 mouse 43 79
8091 mouse 50 80
8092 mouse 56 81
8093 mouse 61 82
8094 mouse 66 83
8095 mouse 70 84
8096 mouse 72 84
8097 mouse 74 84
8098 mouse 76 84
8099 mouse 78 85
8100 mouse 80 85
8101 mouse 82 85
8103 mouse 83 85
8106 a 1
8111 a 0
8112 mouse 82 85
8113 mouse 79 84
8114 mouse 72 80
8115 mouse 63 72
8116 mouse 52 56
8117 mouse 39 37
8118 mouse 24 18
8119 mouse 9 0
8120 mouse -6 0
8121 mouse -18 0
8122 mouse -25 0
8123 mouse -28 0
8124 mouse -30 0
8127 mouse -29 5
8128 mouse -25 15
8129 mouse -19 30
8130 mouse -7 45
8131 mouse 6 59
8132 mouse 18 67
8133 mouse 28 72
8134 mouse 36 76
8135 mouse 40 78
8136 mouse 41 78
8142 mouse 39 78
8143 mouse 34 76
8144 mouse 27 74
8145 mouse 18 71
8146 mouse 10 69
8147 mouse 5 68
8148 mouse 3 68
8149 mouse 2 68
8151 a 1
8157 a 0
8160 mouse 3 68
8161 mouse 6 68
8162 mouse 12 69
8163 mouse 18 70
8164 mouse 24 72
8165 mouse 29 75
8166 mouse 33 78
8167 mouse 37 83
8168 mouse 41 90
8169 mouse 43 97
8170 mouse 45 105
8171 mouse 46 114
8172 mouse 48 123
8173 mouse 49 130
8174 mouse 50 136
8175 mouse 50 141
8176 mouse 50 144
8177 mouse 50 147
8178 mouse 50 148
8180 mouse 50 149
8183 mouse 50 150
8187 mouse 49 150
8188 mouse 49 148
8189 mouse 48 147
8190 mouse 47 146
8191 a 1
8191 mouse 47 145
8192 mouse 47 144
8193 mouse 47 143
8194 mouse 46 142
8195 mouse 46 141
8197 a 0
8201 mouse 48 142
8202 mouse 51 143
8203 mouse 57 144
8204 mouse 63 146
8205 mouse 72 150
8206 mouse 84 156
8207 mouse 97 163
8208 mouse 108 167
8209 mouse 118 171
8210 mouse 123 172
8211 mouse 125 172
8222 mouse 128 173
8223 mouse 131 177
8224 mouse 133 180
8225 mouse 134 182
8226 mouse 135 183
8232 a 1
8237 a 0
8242 mouse 136 183
8243 mouse 140 183
8244 mouse 142 183
8245 mouse 147 183
8246 mouse 153 180
8247 mouse 158 176
8248 mouse 161 172
8249 mouse 164 167
8250 mouse 165 162
8251 mouse 166 159
8252 mouse 167 158
8253 mouse 168 156
8254 mouse 168 153
8255 mouse 168 150
8256 mouse 169 148
8257 mouse 171 147
8258 mouse 176 146
8259 mouse 181 146
8260 mouse 186 146
8261 mouse 190 148
8262 mouse 192 151
8263 mouse 193 152
8269 a 1
8274 a 0
8274 mouse 193 151
8275 mouse 191 151
8276 mouse 184 149
8277 mouse 168 148
8278 mouse 143 147
8279 mouse 115 145
8280 mouse 86 143
8281 mouse 61 142
8282 mouse 48 140
8283 mouse 43 139
8287 mouse 43 140
8289 mouse 43 141
8291 mouse 42 142
8292 mouse 38 143
8293 mouse 32 143
8294 mouse 26 144
8295 mouse 20 143
8296 mouse 15 142
8297 mouse 13 142
8298 mouse 11 141
8299 mouse 10 140
8300 mouse 9 140
8302 mouse 8 140
8305 mouse 8 141
8306 mouse 6 142
8307 mouse 6 143
8310 a 1
8316 a 0
8324 mouse 7 144
8325 mouse 10 145
8326 mouse 17 147
8327 mouse 27 150
8328 mouse 41 153
8329 mouse 57 157
8330 mouse 76 160
8331 mouse 95 165
8332 mouse 116 170
8333 mouse 133 175
8334 mouse 147 179
8335 mouse 158 182
8336 mouse 166 183
8337 mouse 170 183
8338 mouse 171 183
8343 mouse 172 182
8344 mouse 173 182
8345 mouse 175 182
8346 mouse 177 182
8347 mouse 179 181
8348 mouse 181 181
8349 mouse 185 181
8350 mouse 188 182
8351 mouse 191 182
8352 mouse 193 182
8353 a 1
8359 a 0
8361 mouse 191 181
8362 mouse 186 180
8363 mouse 177 177
8364 mouse 164 173
8365 mouse 150 169
8366 mouse 134 163
8367 mouse 120 157
8368 mouse 109 151
8369 mouse 100 144
8370 mouse 91 138
8371 mouse 83 133
8372 mouse 76 128
8373 mouse 67 123
8374 mouse 59 119
8375 mouse 51 115
8376 mouse 45 113
8377 mouse 41 111
8378 mouse 39 110
8379 mouse 38 110
8381 mouse 37 110
8383 mouse 37 109
8384 mouse 36 109
8385 mouse 35 109
8386 mouse 35 108
8388 mouse 35 109
8389 mouse 34 110
8390 mouse 33 112
8391 mouse 31 114
8392 mouse 30 115
8393 mouse 30 116
8395 a 1
8401 a 0
8403 mouse 30 115
8410 mouse 32 117
8411 mouse 36 119
8412 mouse 41 122
8413 mouse 50 126
8414 mouse 61 131
8415 mouse 78 139
8416 mouse 97 147
8417 mouse 116 154
8418 mouse 132 160
8419 mouse 144 163
8420 mouse 148 164
8425 mouse 148 163
8426 mouse 148 162
8427 mouse 148 160
8428 mouse 149 157
8429 mouse 150 155
8430 mouse 152 153
8431 mouse 153 153
8432 mouse 154 153
8433 mouse 155 153
8434 mouse 157 153
8435 mouse 159 154
8436 mouse 160 154
8437 a 1
8442 a 0
8442 mouse 158 153
8443 mouse 154 152
8444 mouse 144 149
8445 mouse 130 145
8446 mouse 110 139
8447 mouse 90 133
8448 mouse 71 126
8449 mouse 57 120
8450 mouse 46 115
8451 mouse 40 113
8452 mouse 40 112
8455 mouse 40 113
8456 mouse 40 114
8457 mouse 40 115
8458 mouse 39 116
8459 mouse 39 117
8460 mouse 38 118
8461 mouse 37 119
8462 mouse 36 119
8463 mouse 34 120
8464 mouse 33 120
8467 a 1
8467 mouse 32 120
8473 a 0
8479 mouse 33 120
8481 mouse 34 121
8482 mouse 39 122
8483 mouse 51 126
8484 mouse 72 133
8485 mouse 96 140
8486 mouse 118 144
8487 mouse 136 147
8488 mouse 147 149
8489 mouse 150 149
8493 mouse 150 148
8499 mouse 151 148
8501 mouse 152 148
8502 mouse 154 149
8503 mouse 155 150
8504 mouse 157 151
8505 mouse 159 153
8506 mouse 160 153
8520 a 1
8525 a 0
8527 mouse 159 152
8528 mouse 158 152
8529 mouse 156 149
8530 mouse 153 146
8531 mouse 148 141
8532 mouse 142 136
8533 mouse 135 131
8534 mouse 127 127
8535 mouse 120 124
8536 mouse 113 120
8537 mouse 108 117
8538 mouse 106 116
8540 a 1
8546 a 0
8553 mouse 107 116
8554 mouse 108 116
8555 mouse 110 118
8556 mouse 112 119
8557 mouse 116 122
8558 mouse 121 126
8559 mouse 127 130
8560 mouse 133 134
8561 mouse 139 138
8562 mouse 143 141
8563 mouse 146 143
8564 mouse 148 145
8565 mouse 149 145
8566 mouse 151 146
8567 mouse 152 147
8568 mouse 153 148
8569 mouse 154 149
8570 mouse 155 150
8571 mouse 156 151
8572 mouse 157 152
8574 mouse 158 153
8575 mouse 159 154
8576 mouse 159 155
8577 mouse 160 155
8579 mouse 160 156
8580 mouse 161 156
8590 mouse 160 156
8591 mouse 160 155
8592 mouse 159 154
8593 mouse 158 152
8594 mouse 155 149
8595 mouse 151 145
8596 mouse 148 143
8597 mouse 147 141
8598 mouse 146 140
8600 mouse 145 139
8602 mouse 144 138
8604 mouse 141 136
8605 mouse 137 134
8606 mouse 133 132
8607 mouse 130 129
8608 mouse 128 128
8615 a 1
8621 a 0
8621 mouse 128 127
8622 mouse 127 126
8623 mouse 124 121
8624 mouse 119 112
8625 mouse 112 102
8626 mouse 105 93
8627 mouse 97 85
8628 mouse 89 79
8629 mouse 80 73
8630 mouse 73 70
8631 mouse 68 68
8632 mouse 65 68
8633 mouse 64 68
8635 mouse 62 68
8636 mouse 60 68
8637 mouse 56 68
8638 mouse 51 67
8639 mouse 46 66
8640 mouse 42 65
8641 mouse 40 64
8642 mouse 38 62
8643 mouse 36 60
8644 mouse 34 59
8645 mouse 32 58
8646 mouse 30 56
8647 mouse 28 53
8648 mouse 24 50
8649 mouse 22 48
8650 a 1
8657 a 0
8658 mouse 23 48
8659 mouse 24 49
8660 mouse 25 49
8661 mouse 26 50
8662 mouse 28 51
8663 mouse 29 52
8665 mouse 30 53
8667 mouse 31 53
8668 mouse 32 54
8669 mouse 34 55
8670 mouse 35 56
8671 mouse 36 57
8672 mouse 36 58
8673 mouse 37 58
8680 mouse 39 59
8681 mouse 47 61
8682 mouse 54 65
8683 mouse 60 68
8684 mouse 67 72
8685 mouse 74 76
8686 mouse 81 80
8687 mouse 87 83
8688 mouse 92 86
8689 mouse 95 89
8690 mouse 97 91
8691 mouse 98 94
8692 mouse 99 97
8693 mouse 100 100
8694 mouse 101 103
8695 mouse 101 104
8696 mouse 101 105
8698 mouse 101 106
8700 mouse 101 107
8701 mouse 101 108
8703 mouse 100 108
8705 a 1
8712 a 0
8712 mouse 100 107
8713 mouse 99 103
8714 mouse 97 97
8715 mouse 93 86
8716 mouse 87 76
8717 mouse 83 67
8718 mouse 78 59
8719 mouse 72 50
8720 mouse 69 45
8721 mouse 68 42
8722 mouse 68 41
8723 mouse 69 39
8724 mouse 69 35
8725 mouse 70 30
8726 mouse 71 25
8727 mouse 72 22
8728 mouse 73 19
8729 mouse 74 16
8730 mouse 74 13
8731 mouse 74 12
8733 mouse 75 12
8734 mouse 75 11
8735 mouse 77 11
8736 mouse 80 10
8737 mouse 85 10
8738 a 1
8738 mouse 87 10
8739 mouse 89 12
8740 mouse 90 16
8741 mouse 91 22
8742 a 0
8742 mouse 91 29
8743 mouse 93 34
8744 mouse 95 41
8745 mouse 97 46
8746 mouse 99 52
8747 mouse 100 57
8748 mouse 100 61
8749 mouse 100 63
8750 mouse 100 64
8751 mouse 101 65
8752 mouse 101 67
8753 mouse 103 70
8754 mouse 104 73
8755 mouse 105 74
8756 mouse 105 75
8758 mouse 105 76
8760 mouse 105 77
8761 mouse 106 81
8762 mouse 106 91
8763 mouse 107 112
8764 mouse 110 145
8765 mouse 114 180
8766 mouse 120 219
8767 mouse 125 224
8768 mouse 130 224
8769 mouse 132 224
8770 mouse 133 224
8773 mouse 132 224
8776 mouse 130 220
8777 mouse 126 208
8778 mouse 119 190
8779 mouse 113 171
8780 mouse 110 157
8781 mouse 107 145
8782 mouse 104 136
8783 mouse 101 131
8784 mouse 99 128
8785 mouse 98 125
8786 mouse 98 123
8787 mouse 97 121
8788 mouse 97 119
8789 mouse 97 118
8790 mouse 96 118
8792 a 1
8797 mouse 97 119
8798 a 0
8798 mouse 101 122
8799 mouse 111 129
8800 mouse 124 141
8801 mouse 136 150
8802 mouse 146 157
8803 mouse 153 161
8804 mouse 154 162
8807 mouse 154 161
8809 a 1
8809 mouse 154 160
8815 a 0
8815 mouse 153 159
8816 mouse 153 158
8817 mouse 153 157
8818 mouse 153 154
8819 mouse 152 149
8820 mouse 151 139
8821 mouse 149 121
8822 mouse 144 100
8823 mouse 136 73
8824 mouse 126 43
8825 mouse 116 12
8826 mouse 109 0
8827 mouse 105 0
8828 mouse 103 0
8829 mouse 102 0
8831 mouse 103 0
8836 mouse 105 6
8837 mouse 107 23
8838 mouse 109 45
8839 mouse 112 66
8840 mouse 115 80
8841 mouse 117 91
8842 mouse 119 100
8843 mouse 121 104
8844 mouse 122 106
8856 mouse 122 107
8857 mouse 122 111
8858 mouse 123 119
8859 mouse 123 131
8860 mouse 123 139
8861 mouse 124 140
8862 mouse 125 136
8863 mouse 125 123
8864 mouse 122 102
8865 mouse 118 78
8866 mouse 115 53
8867 mouse 111 26
8868 mouse 108 2
8869 mouse 105 0
8870 mouse 103 0
8871 mouse 104 0
8874 mouse 107 6
8875 mouse 110 23
8876 mouse 113 47
8877 mouse 115 75
8878 mouse 115 104
8879 mouse 115 132
8880 mouse 114 157
8881 mouse 114 175
8882 mouse 114 186
8883 mouse 113 193
8884 mouse 112 198
8885 mouse 111 200
8886 mouse 111 201
8891 mouse 110 200
8892 mouse 106 194
8893 mouse 101 187
8894 mouse 97 183
8895 mouse 95 180
8896 mouse 94 177
8897 mouse 92 172
8898 mouse 92 170
8899 a 1
8903 mouse 93 171
8904 mouse 93 173
8905 a 0
8905 mouse 94 176
8906 mouse 96 180
8907 mouse 98 183
8908 mouse 101 187
8909 mouse 105 192
8910 mouse 109 198
8911 mouse 113 203
8912 mouse 115 208
8913 mouse 116 211
8914 mouse 116 212
8917 mouse 116 211
8918 mouse 117 204
8919 mouse 119 190
8920 mouse 120 170
8921 mouse 121 141
8922 mouse 119 108
8923 mouse 116 76
8924 mouse 113 46
8925 mouse 109 21
8926 mouse 105 2
8927 mouse 100 0
8928 mouse 98 0
8929 mouse 99 0
8930 mouse 101 0
8931 mouse 103 0
8932 mouse 106 0
8933 mouse 108 0
8934 mouse 109 0
8939 mouse 111 4
8940 mouse 115 11
8941 mouse 118 20
8942 mouse 119 30
8943 mouse 119 37
8944 mouse 118 41
8945 mouse 118 44
8946 mouse 116 47
8947 mouse 114 50
8948 mouse 112 51
8949 mouse 108 52
8950 mouse 101 53
8951 mouse 93 54
8952 mouse 84 54
8953 mouse 77 54
8954 mouse 74 53
8955 mouse 73 53
8956 mouse 72 52
8959 mouse 74 57
8960 mouse 79 68
8961 mouse 90 90
8962 mouse 105 125
8963 mouse 127 175
8964 mouse 148 224
8965 mouse 166 224
8966 mouse 177 224
8967 mouse 184 224
8968 mouse 188 224
8969 mouse 190 224
8971 mouse 188 224
8972 mouse 186 224
8973 mouse 184 224
8974 mouse 183 224
8975 mouse 182 224
8976 mouse 181 224
8982 mouse 180 224
8987 mouse 179 221
8988 mouse 174 212
8989 mouse 168 198
8990 mouse 162 182
8991 mouse 158 170
8992 mouse 154 157
8993 mouse 147 147
8994 mouse 140 140
8995 mouse 132 136
8996 mouse 125 132
8997 mouse 119 128
8998 mouse 115 123
8999 mouse 110 118
9000 mouse 103 110
9001 mouse 94 102
9002 mouse 83 93
9003 mouse 73 87
9004 mouse 66 85
9006 a 1
9009 mouse 67 85
9010 mouse 68 86
9011 a 0
9011 mouse 75 87
9012 mouse 87 89
9013 mouse 101 89
9014 mouse 118 91
9015 mouse 137 94
9016 mouse 153 97
9017 mouse 162 100
9018 mouse 167 101
9019 mouse 168 102
9030 mouse 169 102
9032 mouse 170 102
9033 mouse 172 102
9034 mouse 175 102
9035 mouse 179 101
9036 mouse 186 101
9037 mouse 191 101
9038 mouse 193 101
9039 mouse 194 101
9041 a 1
9047 a 0
9048 mouse 195 101
9049 mouse 198 105
9050 mouse 203 115
9051 mouse 208 131
9052 mouse 214 150
9053 mouse 219 169
9054 mouse 224 183
9055 mouse 228 193
9056 mouse 231 199
9057 a 1
9057 mouse 233 203
9058 mouse 233 204
9063 mouse 233 203
9064 a 0
9064 mouse 232 201
9065 mouse 231 196
9066 mouse 228 188
9067 mouse 223 178
9068 mouse 215 165
9069 mouse 206 153
9070 mouse 197 142
9071 mouse 192 133
9072 mouse 189 125
9073 mouse 188 114
9074 mouse 186 101
9075 mouse 185 88
9076 mouse 182 77
9077 mouse 177 68
9078 mouse 171 61
9079 mouse 166 55
9080 mouse 163 51
9081 mouse 162 50
9092 a 1
9094 mouse 161 50
9095 mouse 161 49
9097 a 0
9101 mouse 161 50
9102 mouse 162 54
9103 mouse 164 62
9104 mouse 166 72
9105 mouse 168 86
9106 mouse 169 99
9107 mouse 171 111
9108 mouse 173 121
9109 mouse 175 129
9110 mouse 176 135
9111 mouse 176 138
9112 mouse 176 141
9113 mouse 176 143
9114 mouse 176 144
9117 mouse 176 146
9118 mouse 175 147
9119 mouse 175 149
9121 a 1
9127 a 0
9129 mouse 174 148
9130 mouse 172 145
9131 mouse 169 141
9132 mouse 166 138
9133 mouse 162 136
9134 mouse 158 134
9135 mouse 154 131
9136 mouse 149 129
9137 mouse 145 127
9138 mouse 142 125
9139 mouse 139 123
9140 mouse 134 121
9141 mouse 129 116
9142 mouse 121 107
9143 mouse 113 90
9144 mouse 100 61
9145 mouse 87 32
9146 mouse 75 2
9147 mouse 67 0
9148 mouse 63 0
9149 mouse 61 0
9151 mouse 62 0
9152 mouse 64 0
9153 mouse 66 0
9154 mouse 69 0
9155 mouse 71 0
9156 mouse 73 0
9157 mouse 75 0
9158 mouse 76 0
9160 mouse 77 0
9161 mouse 78 0
9162 mouse 79 0
9166 mouse 80 1
9167 mouse 84 12
9168 mouse 90 31
9169 mouse 95 50
9170 mouse 100 67
9171 mouse 104 79
9172 mouse 107 86
9173 mouse 108 89
9177 mouse 108 85
9178 mouse 107 72
9179 mouse 104 54
9180 mouse 100 32
9181 mouse 98 11
9182 mouse 97 0
9184 mouse 96 0
9185 mouse 95 0
9187 mouse 94 0
9189 mouse 95 1
9190 mouse 99 6
9191 mouse 104 16
9192 mouse 109 30
9193 mouse 114 45
9194 mouse 116 61
9195 mouse 118 80
9196 mouse 120 106
9197 mouse 124 143
9198 mouse 128 190
9199 mouse 133 224
9200 mouse 138 224
9201 mouse 142 224
9202 mouse 146 224
9203 mouse 149 224
9204 mouse 151 224
9205 mouse 152 224
9216 mouse 152 222
9217 mouse 153 215
9218 mouse 153 201
9219 mouse 151 180
9220 mouse 149 157
9221 mouse 149 145
9222 mouse 150 139
9223 mouse 150 137
9227 mouse 150 138
9228 mouse 150 139
9229 mouse 151 140
9230 mouse 151 143
9231 mouse 152 148
9232 mouse 153 152
9233 mouse 155 156
9234 mouse 156 158
9235 a 1
9241 a 0
9243 mouse 156 156
9244 mouse 155 150
9245 mouse 153 137
9246 mouse 150 120
9247 mouse 147 97
9248 mouse 142 69
9249 mouse 135 39
9250 mouse 128 7
9251 mouse 124 0
9252 mouse 120 0
9253 mouse 118 0
9258 mouse 119 0
9259 mouse 120 8
9260 mouse 121 18
9261 mouse 120 30
9262 mouse 118 40
9263 mouse 114 48
9264 mouse 111 53
9265 mouse 109 57
9266 mouse 109 59
9267 mouse 108 61
9268 mouse 108 63
9269 mouse 105 67
9270 mouse 102 70
9271 mouse 100 72
9272 mouse 98 74
9273 mouse 96 79
9274 mouse 96 81
9275 mouse 95 83
9276 mouse 95 85
9277 a 1
9277 mouse 95 88
9278 mouse 95 92
9279 mouse 94 93
9280 mouse 94 94
9284 a 0
9284 mouse 94 96
9285 mouse 93 101
9286 mouse 91 110
9287 mouse 87 123
9288 mouse 83 138
9289 mouse 76 154
9290 mouse 68 167
9291 mouse 62 174
9292 mouse 61 175
9294 mouse 61 173
9295 mouse 60 171
9296 a 1
9299 mouse 61 172
9300 mouse 64 175
9301 mouse 66 176
9302 a 0
9302 mouse 67 178
9303 mouse 68 178
9305 mouse 67 178
9307 mouse 66 177
9308 mouse 60 173
9309 mouse 52 162
9310 mouse 39 144
9311 mouse 23 132
9312 mouse 12 125
9313 a 1
9313 mouse 8 123
9314 mouse 7 123
9321 a 0
9326 mouse 8 123
9327 mouse 9 124
9328 mouse 10 125
9329 mouse 10 126
9330 mouse 12 128
9331 mouse 14 130
9332 mouse 17 132
9333 mouse 20 135
9334 mouse 24 140
9335 mouse 29 145
9336 mouse 35 151
9337 mouse 40 155
9338 mouse 45 159
9339 mouse 48 161
9340 mouse 50 162
9341 mouse 51 164
9342 mouse 55 169
9343 mouse 61 181
9344 mouse 69 203
9345 mouse 79 224
9346 mouse 95 224
9347 mouse 112 224
9348 mouse 126 224
9349 mouse 137 224
9350 mouse 142 224
9351 mouse 145 224
9352 mouse 146 224
9360 mouse 146 223
9361 mouse 150 219
9362 mouse 157 212
9363 mouse 167 204
9364 mouse 176 192
9365 mouse 182 181
9366 mouse 183 177
9367 mouse 182 175
9368 mouse 182 173
9369 mouse 181 169
9370 mouse 179 166
9371 mouse 179 165
9372 mouse 179 164
9373 mouse 180 164
9376 mouse 181 167
9377 mouse 186 174
9378 mouse 193 185
9379 mouse 200 193
9380 mouse 206 198
9381 mouse 210 202
9382 mouse 213 205
9388 a 1
9392 mouse 214 205
9393 a 0
9393 mouse 214 203
9394 mouse 215 199
9395 mouse 216 190
9396 mouse 217 174
9397 mouse 217 154
9398 mouse 218 138
9399 mouse 220 127
9400 mouse 220 119
9401 mouse 219 109
9402 mouse 219 96
9403 mouse 217 77
9404 mouse 217 63
9405 mouse 217 55
9406 mouse 217 53
9407 mouse 217 50
9408 mouse 216 42
9409 mouse 213 23
9410 mouse 208 0
9411 mouse 198 0
9412 mouse 187 0
9413 mouse 177 0
9414 mouse 170 0
9415 mouse 165 0
9416 mouse 160 0
9417 mouse 157 0
9420 mouse 158 2
9421 mouse 160 13
9422 mouse 161 24
9423 mouse 159 33
9424 mouse 157 40
9425 mouse 155 44
9426 mouse 155 45
9427 mouse 156 46
9428 mouse 156 48
9429 mouse 157 50
9430 mouse 158 52
9431 mouse 160 54
9432 mouse 161 57
9433 mouse 162 62
9434 mouse 163 65
9439 mouse 163 66
9440 a 1
9446 a 0
9450 mouse 164 68
9451 mouse 166 73
9452 mouse 167 79
9453 mouse 168 85
9454 mouse 168 91
9455 mouse 168 96
9456 mouse 168 103
9457 mouse 166 113
9458 mouse 164 125
9459 mouse 163 134
9460 mouse 163 138
9461 mouse 164 140
9462 mouse 164 142
9463 mouse 164 144
9464 mouse 164 146
9465 mouse 164 147
9468 mouse 164 148
9470 a 1
9474 a 0
9476 mouse 164 149
9477 mouse 164 151
9478 mouse 165 156
9479 mouse 166 166
9480 mouse 166 176
9481 mouse 166 185
9482 mouse 166 189
9484 a 1
9492 a 0
9493 mouse 166 188
9496 mouse 166 187
9498 mouse 166 186
9499 mouse 165 185
9501 mouse 165 184
9502 mouse 164 184
9503 mouse 164 183
9510 mouse 164 182
9517 mouse 164 181
9522 mouse 164 180
9524 mouse 163 178
9525 mouse 162 174
9526 mouse 160 167
9527 mouse 155 158
9528 mouse 150 148
9529 mouse 142 136
9530 mouse 130 123
9531 mouse 115 110
9532 mouse 97 95
9533 mouse 85 85
9534 mouse 75 76
9535 mouse 67 68
9536 mouse 60 60
9537 mouse 53 48
9538 mouse 47 34
9539 mouse 43 20
9540 mouse 41 9
9541 mouse 41 2
9542 mouse 41 0
9543 mouse 42 0
9545 mouse 42 8
9546 mouse 43 22
9547 mouse 42 33
9548 mouse 40 40
9549 mouse 36 47
9550 mouse 32 51
9551 mouse 29 53
9552 mouse 26 55
9553 mouse 22 58
9554 mouse 17 61
9555 mouse 11 63
9556 mouse 7 63
9557 mouse 5 64
9558 mouse 2 67
9559 mouse -1 73
9560 mouse -3 76
9561 mouse -3 77
9563 a 1
9565 mouse -3 76
9566 mouse -3 75
9568 a 0
9568 mouse -2 74
9569 mouse 2 74
9570 mouse 11 74
9571 mouse 24 74
9572 mouse 41 75
9573 mouse 61 77
9574 mouse 83 80
9575 mouse 102 83
9576 mouse 116 84
9577 mouse 125 85
9578 mouse 127 86
9582 mouse 128 87
9583 mouse 130 89
9585 mouse 131 90
9587 mouse 133 90
9588 mouse 136 91
9589 mouse 141 92
9590 mouse 149 95
9591 mouse 156 97
9592 mouse 160 98
9593 mouse 160 99
9594 mouse 161 99
9596 mouse 162 99
9597 mouse 163 100
9598 a 1
9604 a 0
9605 mouse 163 99
9606 mouse 162 99
9607 mouse 162 98
9613 mouse 165 103
9614 mouse 175 122
9615 mouse 190 150
9616 mouse 210 187
9617 mouse 228 218
9618 mouse 239 224
9619 mouse 246 224
9620 mouse 250 224
9624 mouse 248 222
9625 mouse 242 218
9626 mouse 235 214
9627 mouse 229 209
9628 mouse 223 205
9629 mouse 218 200
9630 mouse 211 193
9631 mouse 202 185
9632 mouse 195 177
9633 mouse 190 171
9634 mouse 188 167
9635 mouse 187 163
9636 mouse 185 159
9637 mouse 185 156
9638 mouse 185 155
9640 mouse 185 154
9645 mouse 186 154
9647 mouse 187 154
9648 mouse 189 156
9649 mouse 192 160
9650 mouse 195 164
9651 mouse 198 168
9652 mouse 201 173
9653 mouse 205 177
9654 mouse 210 183
9655 mouse 216 187
9656 mouse 220 190
9657 mouse 222 190
9658 mouse 223 190
9661 mouse 224 190
9663 a 1
9668 a 0
9668 mouse 223 188
9669 mouse 220 181
9670 mouse 214 167
9671 mouse 202 146
9672 mouse 187 118
9673 mouse 171 95
9674 mouse 160 80
9675 mouse 153 67
9676 mouse 151 59
9677 mouse 151 57
9678 mouse 152 56
9679 mouse 153 56
9681 mouse 154 55
9682 mouse 156 54
9683 mouse 159 51
9684 mouse 162 49
9685 mouse 165 45
9686 mouse 170 40
9687 mouse 174 34
9688 mouse 177 27
9689 mouse 180 20
9690 mouse 182 14
9691 mouse 184 10
9692 mouse 185 9
9693 mouse 186 8
9694 mouse 186 7
9697 mouse 187 7
9698 mouse 188 8
9699 mouse 191 11
9700 mouse 193 16
9701 mouse 196 22
9702 mouse 199 28
9703 mouse 202 32
9704 mouse 203 36
9705 mouse 203 40
9706 mouse 203 47
9707 mouse 203 55
9708 mouse 203 60
9709 mouse 202 61
9714 mouse 202 63
9715 mouse 201 65
9716 mouse 200 68
9717 mouse 200 69
9720 mouse 199 70
9721 a 1
9727 a 0
9732 mouse 200 70
9737 mouse 201 70
9738 mouse 203 72
9739 mouse 205 74
9740 mouse 208 76
9741 mouse 210 78
9742 mouse 211 79
9743 mouse 211 81
9744 mouse 212 87
9745 mouse 212 100
9746 mouse 209 117
9747 mouse 206 139
9748 mouse 202 161
9749 mouse 199 183
9750 mouse 197 201
9751 mouse 196 217
9752 mouse 195 224
9756 mouse 195 221
9757 mouse 195 213
9758 mouse 194 201
9759 mouse 192 191
9760 mouse 190 182
9761 mouse 187 177
9762 mouse 185 175
9763 mouse 181 174
9764 mouse 178 173
9765 mouse 176 174
9766 mouse 175 174
9767 mouse 173 175
9768 mouse 172 176
9770 mouse 171 176
9771 mouse 168 179
9772 mouse 164 182
9773 mouse 161 185
9775 a 1
9780 a 0
9781 mouse 162 182
9782 mouse 163 174
9783 mouse 165 158
9784 mouse 170 133
9785 mouse 175 99
9786 mouse 178 64
9787 mouse 181 28
9788 mouse 183 0
9789 mouse 185 0
9790 mouse 188 0
9791 mouse 189 0
9793 mouse 190 0
9794 mouse 191 0
9796 mouse 193 1
9797 mouse 202 16
9798 mouse 212 32
9799 mouse 217 42
9800 mouse 220 47
9801 mouse 223 50
9802 mouse 225 51
9803 mouse 227 52
9805 mouse 228 51
9807 mouse 229 51
9810 mouse 230 51
9811 mouse 231 51
9812 mouse 234 51
9813 mouse 238 50
9814 mouse 242 49
9815 mouse 246 48
9816 mouse 250 46
9817 mouse 251 43
9818 mouse 252 39
9819 mouse 253 36
9820 mouse 254 34
9821 mouse 254 33
9822 mouse 255 32
9823 mouse 255 31
9824 mouse 256 29
9825 mouse 256 28
9826 mouse 258 26
9827 mouse 259 24
9828 mouse 262 21
9829 mouse 263 20
9830 a 1
9836 a 0
9839 mouse 263 21
9840 mouse 263 22
9841 mouse 265 27
9842 mouse 269 34
9843 mouse 273 43
9844 mouse 277 53
9845 mouse 280 63
9846 mouse 281 75
9847 mouse 281 87
9848 mouse 280 99
9849 mouse 278 109
9850 mouse 275 116
9851 mouse 272 120
9852 mouse 268 125
9853 mouse 258 130
9854 mouse 246 137
9855 mouse 228 145
9856 mouse 207 152
9857 mouse 183 157
9858 mouse 162 157
9859 mouse 146 155
9860 mouse 135 152
9861 mouse 127 146
9862 mouse 123 140
9863 mouse 121 135
9864 mouse 121 132
9869 mouse 120 134
9870 mouse 120 139
9871 mouse 119 144
9872 mouse 119 146
9873 mouse 119 147
9874 a 1
9874 mouse 119 148
9875 mouse 119 149
9880 a 0
9880 mouse 120 149
9881 mouse 121 149
9882 mouse 124 149
9883 mouse 127 149
9884 mouse 129 149
9885 mouse 134 149
9886 mouse 142 150
9887 mouse 155 147
9888 mouse 167 144
9889 mouse 179 140
9890 mouse 189 138
9891 mouse 199 137
9892 mouse 205 136
9893 mouse 210 136
9894 mouse 214 135
9895 a 1
9895 mouse 218 133
9896 mouse 219 133
9901 a 0
9903 mouse 225 139
9904 mouse 241 154
9905 mouse 267 177
9906 mouse 303 199
9907 mouse 319 219
9908 mouse 319 224
9914 mouse 319 223
9915 mouse 315 217
9916 mouse 308 205
9917 mouse 298 191
9918 mouse 284 173
9919 mouse 271 156
9920 mouse 259 140
9921 mouse 249 127
9922 mouse 239 114
9923 mouse 230 103
9924 mouse 226 98
9925 mouse 226 97
9926 mouse 225 97
9927 mouse 225 96
9928 mouse 224 96
9929 mouse 223 96
9930 mouse 220 97
9931 mouse 212 99
9932 mouse 203 104
9933 mouse 195 112
9934 mouse 189 118
9935 mouse 183 123
9936 mouse 180 126
9937 mouse 179 127
9938 mouse 178 127
9940 mouse 177 127
9941 mouse 176 126
9942 mouse 174 125
9943 mouse 170 121
9944 mouse 165 115
9945 mouse 162 112
9947 mouse 164 113
9948 mouse 166 116
9949 mouse 169 120
9950 mouse 170 125
9951 mouse 171 131
9952 mouse 170 139
9953 mouse 170 146
9954 mouse 169 150
9958 mouse 168 150
9959 mouse 165 148
9960 mouse 160 143
9961 mouse 151 135
9962 mouse 138 126
9963 mouse 127 120
9964 mouse 119 118
9965 mouse 113 117
9966 mouse 112 118
9971 mouse 111 118
9972 mouse 111 117
9973 mouse 109 116
9974 mouse 106 113
9975 mouse 102 109
9976 mouse 99 106
9977 mouse 96 103
9978 mouse 95 103
9979 a 1
9985 a 0
9985 mouse 96 101
9986 mouse 100 98
9987 mouse 106 93
9988 mouse 115 84
9989 mouse 129 72
9990 mouse 142 60
9991 mouse 156 50
9992 mouse 165 44
9993 mouse 171 39
9994 mouse 173 38
9997 mouse 174 38
9999 mouse 175 38
10000 mouse 178 36
10001 mouse 183 34
10002 mouse 188 31
10003 mouse 191 29
10004 mouse 195 26
10005 mouse 198 24
10006 mouse 200 23
10007 a 1
10013 a 0
10017 mouse 201 25
10018 mouse 205 33
10019 mouse 210 46
10020 mouse 214 62
10021 mouse 217 80
10022 mouse 219 95
10023 mouse 221 106
10024 mouse 222 113
10025 mouse 224 118
10026 mouse 224 119
10053 mouse 223 119
10055 mouse 222 118
10056 mouse 221 118
10057 mouse 218 117
10058 mouse 215 116
10059 mouse 211 115
10060 mouse 208 114
10061 mouse 206 113
10062 mouse 204 112
10063 mouse 202 111
10064 mouse 201 110
10065 mouse 200 109
10066 mouse 199 108
10067 mouse 198 108
10068 mouse 198 107
10070 mouse 198 106
10072 mouse 197 106
10073 mouse 197 105
10076 mouse 197 104
10077 mouse 198 104
10093 mouse 197 102
10094 mouse 193 98
10095 mouse 186 94
10096 mouse 177 91
10097 mouse 167 88
10098 mouse 161 87
10099 mouse 160 87
10100 a 1
10101 mouse 159 86
10106 a 0
10107 mouse 158 86
10110 mouse 156 86
10111 mouse 154 86
10112 mouse 152 86
10113 mouse 146 87
10114 mouse 139 89
10115 mouse 136 90
10117 mouse 143 92
10118 mouse 157 96
10119 mouse 174 97
10120 mouse 188 97
10121 mouse 197 97
10122 mouse 202 96
10123 mouse 203 96
10124 mouse 204 95
10125 mouse 205 93
10126 mouse 207 91
10127 mouse 212 88
10128 mouse 215 86
10129 mouse 216 86
10132 mouse 217 86
10134 mouse 217 85
10135 mouse 216 84
10137 a 1
10143 a 0
10146 mouse 215 85
10147 mouse 212 90
10148 mouse 207 96
10149 mouse 196 106
10150 mouse 181 116
10151 mouse 166 124
10152 mouse 155 130
10153 mouse 149 135
10154 mouse 145 139
10155 mouse 140 142
10156 mouse 135 145
10157 mouse 130 146
10158 mouse 127 148
10159 mouse 125 148
10160 mouse 124 148
10161 mouse 123 148
10162 mouse 121 148
10163 mouse 118 148
10164 mouse 115 149
10165 mouse 114 149
10167 a 1
10170 mouse 116 148
10171 mouse 118 147
10172 a 0
10172 mouse 121 146
10173 mouse 123 145
10174 mouse 124 145
10175 mouse 127 143
10176 mouse 130 140
10177 mouse 132 137
10178 mouse 132 136
10179 mouse 128 133
10180 mouse 122 128
10181 mouse 117 124
10182 mouse 116 123
10184 mouse 116 122
10185 mouse 113 118
10186 mouse 106 113
10187 mouse 98 107
10188 mouse 89 102
10189 mouse 79 99
10190 mouse 62 97
10191 mouse 36 97
10192 mouse 6 98
10193 mouse -19 99
10194 mouse -34 101
10195 a 1
10195 mouse -36 101
10197 mouse -35 101
10201 a 0
10201 mouse -34 101
10202 mouse -31 101
10203 mouse -27 101
10204 mouse -21 101
10205 mouse -15 100
10206 mouse -9 100
10207 mouse -3 100
10208 mouse 1 99
10209 mouse 3 99
10210 mouse 4 99
10211 mouse 5 99
10212 mouse 6 99
10213 mouse 8 99
10214 mouse 10 98
10215 mouse 12 98
10216 mouse 14 98
10217 mouse 15 98
10220 mouse 16 98
10223 mouse 17 98
10225 mouse 18 98
10227 mouse 19 98
10229 mouse 19 97
10230 mouse 20 97
10232 mouse 23 98
10233 mouse 27 99
10234 mouse 34 102
10235 mouse 43 105
10236 mouse 54 109
10237 mouse 64 114
10238 mouse 73 118
10239 mouse 82 124
10240 mouse 92 129
10241 mouse 102 134
10242 mouse 113 139
10243 mouse 123 143
10244 mouse 132 148
10245 mouse 141 151
10246 mouse 149 155
10247 mouse 155 157
10248 mouse 160 158
10249 mouse 166 161
10250 mouse 171 163
10251 mouse 177 165
10252 mouse 183 167
10253 mouse 188 168
10254 mouse 190 170
10255 mouse 192 170
10256 mouse 193 171
10257 mouse 194 171
10258 mouse 194 172
10259 mouse 195 172
10260 mouse 196 173
10261 mouse 196 175
10262 mouse 196 177
10263 mouse 196 181
10264 mouse 193 186
10265 mouse 190 191
10266 mouse 187 196
10267 mouse 184 202
10268 mouse 180 207
10269 mouse 176 211
10270 mouse 173 214
10271 mouse 169 217
10272 mouse 167 219
10273 mouse 166 219
10274 mouse 165 219
10275 mouse 164 219
10276 mouse 163 218
10277 mouse 161 217
10278 mouse 158 213
10279 mouse 156 205
10280 mouse 154 194
10281 mouse 152 180
10282 mouse 152 168
10283 mouse 152 163
10284 mouse 152 162
10285 mouse 152 161
10288 mouse 152 160
10290 mouse 153 157
10291 mouse 154 154
10292 mouse 155 150
10293 mouse 155 146
10294 mouse 155 142
10295 mouse 155 140
10296 mouse 155 139
10297 mouse 155 138
10298 mouse 156 137
10301 a 1
10307 a 0
10309 mouse 156 136
10310 mouse 157 132
10311 mouse 159 127
10312 mouse 162 118
10313 mouse 164 107
10314 mouse 165 93
10315 mouse 165 78
10316 mouse 164 66
10317 mouse 163 58
10318 mouse 161 53
10319 mouse 160 51
10325 mouse 159 51
10326 mouse 156 50
10327 mouse 153 48
10328 mouse 152 47
10330 mouse 152 46
10331 mouse 152 44
10332 mouse 151 43
10336 a 1
10336 mouse 151 42
10341 a 0
10344 mouse 152 42
10345 mouse 152 41
10348 a 1
10348 mouse 153 41
10353 a 0
10357 mouse 152 41
10361 mouse 152 40
10362 mouse 152 39
10363 mouse 152 37
10364 mouse 160 27
10365 mouse 174 9
10366 mouse 184 0
10367 mouse 192 0
10368 mouse 197 0
10369 mouse 200 0
10370 mouse 202 0
10371 mouse 204 0
10375 mouse 205 0
10376 mouse 209 5
10377 mouse 214 14
10378 mouse 220 25
10379 mouse 226 38
10380 mouse 230 49
10381 mouse 232 56
10382 mouse 234 61
10383 mouse 234 64
10384 mouse 234 65
10385 mouse 233 65
10386 mouse 232 66
10387 mouse 229 65
10388 mouse 224 64
10389 mouse 218 62
10390 mouse 210 59
10391 mouse 203 57
10392 mouse 196 57
10393 mouse 191 58
10394 mouse 190 58
10397 a 1
10402 a 0
10403 mouse 189 57
10404 mouse 184 56
10405 mouse 175 54
10406 mouse 164 53
10407 mouse 145 53
10408 mouse 125 53
10409 mouse 101 55
10410 mouse 76 57
10411 mouse 55 60
10412 mouse 37 64
10413 mouse 23 68
10414 mouse 13 72
10415 mouse 8 75
10416 mouse 6 78
10417 mouse 4 80
10418 mouse 1 82
10419 mouse -3 86
10420 mouse -9 90
10421 mouse -16 93
10422 mouse -24 96
10423 mouse -31 97
10424 mouse -33 98
10426 a 1
10427 mouse -33 97
10429 mouse -32 97
10432 a 0
10434 mouse -32 96
10436 mouse -31 96
10439 mouse -31 95
10440 mouse -30 95
10441 mouse -30 94
10446 mouse -30 93
10448 mouse -29 93
10455 mouse -27 93
10456 mouse -20 93
10457 mouse -9 94
10458 mouse 3 94
10459 mouse 16 95
10460 mouse 28 96
10461 mouse 41 97
10462 mouse 52 98
10463 mouse 62 99
10464 mouse 70 100
10465 mouse 78 101
10466 mouse 83 102
10467 mouse 88 103
10468 mouse 91 103
10469 mouse 93 104
10470 mouse 95 104
10471 mouse 98 105
10472 mouse 101 105
10473 mouse 105 106
10474 mouse 108 107
10475 mouse 111 108
10476 mouse 113 109
10477 mouse 115 110
10478 mouse 117 112
10479 mouse 120 113
10480 mouse 123 115
10481 mouse 126 117
10482 mouse 130 120
10483 mouse 133 123
10484 mouse 137 126
10485 mouse 141 129
10486 mouse 145 133
10487 mouse 148 138
10488 mouse 152 142
10489 mouse 155 146
10490 mouse 159 151
10491 mouse 163 156
10492 mouse 167 160
10493 mouse 170 165
10494 mouse 173 169
10495 mouse 176 172
10496 mouse 179 175
10497 mouse 180 176
10499 mouse 180 177
10500 mouse 181 177
10522 mouse 181 176
10529 mouse 181 177
10530 mouse 181 178
10531 mouse 180 181
10532 mouse 179 185
10533 mouse 178 188
10534 mouse 175 193
10535 mouse 172 199
10536 mouse 169 204
10537 mouse 168 207
10538 mouse 166 209
10539 mouse 166 210
10540 mouse 165 210
10545 mouse 164 210
10546 mouse 162 209
10547 mouse 159 207
10548 mouse 156 203
10549 mouse 151 195
10550 mouse 147 184
10551 mouse 142 170
10552 mouse 138 155
10553 mouse 134 139
10554 mouse 133 124
10555 mouse 133 108
10556 mouse 132 91
10557 mouse 130 74
10558 mouse 128 56
10559 mouse 125 37
10560 mouse 124 17
10561 mouse 123 0
10563 mouse 124 0
10564 mouse 125 0
10566 mouse 128 9
10567 mouse 135 31
10568 mouse 144 60
10569 mouse 152 89
10570 mouse 158 110
10571 mouse 161 122
10572 mouse 161 127
10573 mouse 162 129
10574 mouse 161 130
10575 mouse 161 131
10576 mouse 160 132
10577 mouse 158 134
10578 mouse 155 136
10579 mouse 153 138
10580 mouse 151 142
10581 mouse 149 148
10582 mouse 149 157
10583 mouse 149 165
10584 mouse 150 172
10585 mouse 152 178
10586 mouse 153 181
10587 mouse 154 183
10588 mouse 154 185
10589 mouse 155 186
10590 a 1
10590 mouse 155 187
10595 a 0
10595 mouse 154 185
10596 mouse 153 184
10599 mouse 153 192
10600 mouse 153 211
10601 mouse 149 224
10602 mouse 146 224
10603 mouse 145 224
10604 mouse 146 224
10605 mouse 149 224
10606 mouse 151 224
10607 mouse 152 224
10610 mouse 151 221
10611 mouse 149 215
10612 mouse 146 203
10613 mouse 142 188
10614 mouse 138 173
10615 mouse 135 162
10616 mouse 132 154
10617 mouse 129 148
10618 mouse 124 143
10619 mouse 119 140
10620 mouse 114 138
10621 mouse 108 137
10622 mouse 103 137
10623 mouse 99 137
10624 mouse 97 137
10625 mouse 96 138
10626 mouse 95 139
10627 mouse 93 142
10628 mouse 92 145
10629 mouse 90 149
10630 mouse 90 150
10631 mouse 90 152
10632 mouse 90 154
10633 mouse 91 155
10634 mouse 91 156
10635 mouse 91 157
10636 mouse 91 158
10637 mouse 91 159
10638 mouse 90 160
10640 mouse 88 161
10641 mouse 87 161
10642 mouse 86 162
10646 a 1
10652 a 0
10653 mouse 86 161
10654 mouse 85 160
10655 mouse 85 154
10656 mouse 85 140
10657 mouse 83 116
10658 mouse 80 88
10659 mouse 75 60
10660 mouse 69 29
10661 mouse 61 0
10662 mouse 53 0
10663 mouse 47 0
10665 mouse 49 0
10666 mouse 50 0
10668 mouse 51 0
10670 mouse 55 0
10671 mouse 62 2
10672 mouse 71 10
10673 mouse 78 26
10674 mouse 81 40
10675 mouse 85 50
10676 mouse 88 55
10677 mouse 89 57
10681 mouse 89 54
10682 mouse 88 50
10683 mouse 87 44
10684 mouse 85 38
10685 mouse 82 33
10686 mouse 76 28
10687 mouse 70 23
10688 mouse 66 17
10689 mouse 61 13
10690 mouse 58 11
10691 mouse 57 11
10692 mouse 54 13
10693 mouse 50 15
10694 mouse 45 16
10695 mouse 41 17
10696 mouse 39 19
10697 mouse 35 22
10698 mouse 31 27
10699 mouse 27 33
10700 mouse 26 38
10701 mouse 27 42
10702 mouse 29 48
10703 mouse 30 53
10704 mouse 32 60
10705 mouse 36 66
10706 mouse 38 71
10707 mouse 39 76
10708 mouse 40 80
10709 mouse 40 84
10711 a 1
10715 mouse 40 85
10717 a 0
10718 mouse 37 85
10719 mouse 31 86
10720 mouse 22 88
10721 mouse 11 93
10722 mouse -2 99
10723 mouse -14 107
10724 mouse -25 114
10725 mouse -34 119
10726 mouse -39 122
10727 mouse -40 122
10732 mouse -39 120
10733 mouse -37 117
10734 mouse -33 112
10735 mouse -28 106
10736 mouse -22 101
10737 mouse -20 98
10738 mouse -19 98
10741 a 1
10747 a 0
10747 mouse -18 98
10748 mouse -14 97
10749 mouse -5 97
10750 mouse 4 97
10751 mouse 13 98
10752 mouse 20 99
10753 mouse 24 100
10754 mouse 29 100
10755 mouse 32 100
10757 mouse 31 97
10758 mouse 29 95
10759 mouse 27 93
10760 mouse 26 93
10761 mouse 25 92
10762 mouse 23 92
10763 mouse 18 92
10764 mouse 13 93
10765 mouse 10 94
10767 a 1
10773 a 0
10773 mouse 11 94
10774 mouse 13 94
10775 mouse 16 94
10776 mouse 17 94
10777 mouse 21 95
10778 mouse 30 96
10779 mouse 40 96
10780 mouse 47 95
10781 mouse 53 95
10782 mouse 56 95
10783 mouse 57 95
10785 mouse 58 95
10787 mouse 60 96
10788 mouse 62 97
10789 mouse 66 98
10790 mouse 67 98
10791 mouse 67 99
10793 a 1
10795 mouse 67 100
10800 a 0
10800 mouse 66 99
10802 mouse 66 98
10807 mouse 67 98
10808 mouse 70 102
10809 mouse 77 111
10810 mouse 85 129
10811 mouse 93 159
10812 mouse 98 195
10813 mouse 101 224
10814 mouse 103 224
10815 mouse 104 224
10816 mouse 106 224
10817 mouse 107 224
10818 mouse 109 224
10819 mouse 110 224
10820 mouse 111 224
10822 mouse 112 224
10823 mouse 113 224
10826 mouse 113 223
10827 mouse 113 217
10828 mouse 115 208
10829 mouse 118 197
10830 mouse 122 185
10831 mouse 127 174
10832 mouse 131 165
10833 mouse 133 162
10834 mouse 133 161
10836 mouse 134 161
10837 mouse 135 164
10838 mouse 135 166
10839 mouse 135 168
10840 mouse 132 170
10841 mouse 128 171
10842 mouse 122 173
10843 mouse 116 178
10844 mouse 110 185
10845 mouse 103 191
10846 mouse 97 194
10847 mouse 94 197
10848 mouse 90 201
10849 mouse 90 202
10850 a 1
10856 a 0
10856 mouse 90 200
10857 mouse 92 194
10858 mouse 94 184
10859 mouse 95 165
10860 mouse 95 137
10861 mouse 94 103
10862 mouse 91 68
10863 mouse 87 33
10864 mouse 85 4
10865 mouse 85 0
10866 mouse 87 0
10867 mouse 89 0
10868 mouse 91 0
10869 mouse 92 0
10870 mouse 91 0
10879 mouse 92 0
10880 mouse 94 2
10881 mouse 96 9
10882 mouse 96 20
10883 mouse 96 31
10884 mouse 97 41
10885 mouse 97 47
10886 mouse 97 49
10887 mouse 98 50
10888 mouse 98 53
10889 mouse 98 54
10890 mouse 98 55
10892 mouse 97 56
10893 mouse 97 57
10894 a 1
10894 mouse 97 58
10902 a 0
10916 mouse 97 59
10918 mouse 97 60
10934 mouse 97 61
10935 mouse 98 62
10936 mouse 99 63
10937 mouse 99 64
10944 mouse 98 63
10946 a 1
10946 mouse 97 63
10947 mouse 97 62
10953 a 0
10958 mouse 97 63
10961 mouse 97 65
10962 mouse 98 69
10963 mouse 101 80
10964 mouse 106 104
10965 mouse 112 138
10966 mouse 117 172
10967 mouse 124 200
10968 mouse 131 223
10969 mouse 137 224
10970 mouse 141 224
10971 mouse 144 224
10972 mouse 146 224
10974 mouse 147 224
10976 mouse 146 223
10977 mouse 145 217
10978 mouse 141 207
10979 mouse 138 190
10980 mouse 133 162
10981 mouse 129 134
10982 mouse 128 110
10983 mouse 127 80
10984 mouse 126 48
10985 mouse 125 20
10986 mouse 127 1
10987 mouse 129 0
10988 mouse 131 0
10990 mouse 133 0
10991 mouse 137 11
10992 mouse 140 28
10993 mouse 141 45
10994 mouse 141 63
10995 mouse 140 76
10996 mouse 137 85
10997 mouse 134 89
10998 mouse 130 93
10999 mouse 126 96
11000 mouse 124 98
11001 mouse 123 98
11003 mouse 122 96
11004 mouse 119 91
11005 mouse 114 83
11006 mouse 109 75
11007 mouse 105 69
11008 mouse 102 63
11009 mouse 101 55
11010 mouse 101 49
11011 mouse 101 47
11012 mouse 101 46
11013 mouse 101 45
11014 mouse 101 43
11015 mouse 101 42
11022 mouse 101 41
11024 mouse 101 40
11025 mouse 100 38
11026 mouse 99 36
11027 mouse 98 35
11028 mouse 97 34
11029 mouse 96 34
11031 mouse 93 40
11032 mouse 91 53
11033 mouse 90 68
11034 mouse 89 88
11035 mouse 88 109
11036 mouse 89 130
11037 mouse 91 148
11038 mouse 94 163
11039 mouse 96 177
11040 mouse 97 192
11041 mouse 98 206
11042 mouse 99 221
11043 mouse 101 224
11044 mouse 103 224
11045 mouse 105 224
11046 mouse 106 224
11047 mouse 107 224
11048 mouse 108 224
11051 mouse 109 224
11089 mouse 110 221
11090 mouse 113 212
11091 mouse 119 198
11092 mouse 126 179
11093 mouse 135 160
11094 mouse 145 146
11095 mouse 154 137
11096 mouse 159 133
11097 mouse 159 132
11100 a 1
11107 a 0
11115 a 1
11120 a 0
11127 mouse 160 131
11128 mouse 161 131
11141 mouse 201 131
11144 mouse 201 129
11146 mouse 200 128
11147 mouse 197 128
11148 mouse 191 129
11149 mouse 185 129
11150 mouse 177 129
11151 mouse 168 129
11152 mouse 157 128
11153 mouse 144 127
11154 mouse 131 125
11155 mouse 120 121
11156 mouse 111 116
11157 mouse 103 109
11158 mouse 95 100
11159 mouse 88 90
11160 mouse 81 82
11161 mouse 78 78
11162 mouse 76 76
11163 mouse 75 75
11164 mouse 74 74
11170 mouse 74 75
11171 mouse 74 76
11172 mouse 74 80
11173 mouse 75 88
11174 mouse 78 94
11175 mouse 80 97
11176 mouse 82 98
11177 mouse 83 99
11178 mouse 86 100
11179 mouse 87 100
11180 mouse 88 100
11182 mouse 88 99
11183 mouse 87 98
11184 mouse 86 97
11185 mouse 83 96
11186 mouse 78 94
11187 mouse 71 93
11188 mouse 65 91
11189 mouse 63 90
11190 mouse 62 90
11191 mouse 61 89
11192 mouse 60 88
11193 mouse 59 86
11194 mouse 56 84
11195 mouse 54 83
11196 mouse 53 82
11205 mouse 53 83
11209 a 1
11214 a 0
11217 mouse 52 83
11226 mouse 53 83
11227 mouse 54 83
11228 mouse 57 84
11229 mouse 62 85
11230 mouse 65 86
11233 mouse 66 86
11234 mouse 68 85
11235 mouse 34 85
11236 mouse 40 85
11237 mouse 43 85
11238 mouse 46 86
11239 mouse 50 88
11240 mouse 57 93
11241 mouse 63 98
11242 mouse 64 100
11245 mouse 64 102
11246 mouse 63 104
11247 mouse 63 106
11248 mouse 63 107
11249 mouse 64 107
11250 mouse 64 108
11251 mouse 65 108
11252 mouse 66 109
11253 mouse 68 110
11254 mouse 73 111
11255 mouse 80 113
11256 mouse 90 114
11257 mouse 103 114
11258 mouse 116 112
11259 mouse 128 111
11260 mouse 139 110
11261 mouse 148 109
11262 mouse 156 108
11263 mouse 163 107
11264 mouse 169 105
11265 mouse 172 104
11273 mouse 173 104
11274 mouse 176 103
11275 mouse 179 103
11276 mouse 182 103
11277 mouse 190 103
11278 mouse 197 103
11279 mouse 202 103
11280 mouse 205 103
11281 mouse 208 103
11282 mouse 210 103
11283 mouse 212 102
11284 mouse 213 102
11285 mouse 215 101
11286 mouse 216 99
11287 mouse 218 98
11288 mouse 219 98
11289 mouse 220 97
11290 mouse 221 96
11293 mouse 221 97
11300 mouse 222 97
11301 mouse 223 97
11302 mouse 227 97
11303 mouse 231 94
11304 mouse 233 89
11305 mouse 233 85
11306 mouse 232 83
11307 mouse 231 82
11308 mouse 231 81
11310 a 1
11311 mouse 230 81
11315 a 0
11315 mouse 231 82
11316 mouse 235 85
11317 mouse 249 93
11318 mouse 270 107
11319 mouse 298 127
11320 mouse 319 149
11321 mouse 319 170
11322 mouse 319 189
11323 mouse 319 209
11324 mouse 319 224
11333 mouse 317 224
11334 mouse 315 224
11335 mouse 312 224
11336 mouse 310 224
11337 mouse 309 224
11344 mouse 310 222
11345 mouse 310 214
11346 mouse 307 199
11347 mouse 297 181
11348 mouse 280 160
11349 mouse 263 145
11350 mouse 250 134
11351 mouse 240 125
11352 mouse 238 118
11353 mouse 239 113
11354 mouse 241 109
11355 mouse 242 107
11356 mouse 243 107
11358 a 1
11364 a 0
11366 mouse 242 106
11367 mouse 235 103
11368 mouse 223 99
11369 mouse 204 94
11370 mouse 184 89
11371 mouse 165 84
11372 mouse 148 78
11373 mouse 137 73
11374 mouse 130 68
11375 mouse 126 65
11376 mouse 122 62
11377 mouse 117 59
11378 mouse 110 57
11379 mouse 104 55
11380 mouse 99 53
11381 mouse 97 52
11382 mouse 96 51
11383 mouse 95 50
11384 mouse 95 49
11385 mouse 94 48
11388 a 1
11394 a 0
11394 mouse 99 52
11395 mouse 111 61
11396 mouse 128 76
11397 mouse 147 93
11398 mouse 163 109
11399 mouse 173 118
11400 mouse 177 123
11401 mouse 177 124
11406 mouse 175 123
11407 mouse 168 119
11408 mouse 156 111
11409 mouse 139 101
11410 mouse 119 90
11411 mouse 97 76
11412 mouse 75 64
11413 mouse 52 55
11414 mouse 37 49
11415 mouse 30 47
11416 mouse 29 47
11422 mouse 28 46
11423 mouse 25 44
11424 mouse 20 40
11425 mouse 14 37
11426 mouse 6 33
11427 mouse -1 32
11428 mouse -5 32
11429 mouse -8 31
11430 mouse -11 30
11431 mouse -12 30
11432 mouse -13 29
11434 mouse -14 29
11435 mouse -15 29
11441 mouse -16 28
11443 mouse -17 28
11445 mouse -19 27
11446 mouse -22 27
11447 mouse -23 27
11449 mouse -24 26
11454 a 1
11459 a 0
11460 mouse -22 26
11461 mouse -16 26
11462 mouse -6 26
11463 mouse 3 26
11464 mouse 14 26
11465 mouse 25 27
11466 mouse 34 28
11467 mouse 42 28
11468 mouse 50 29
11469 mouse 54 30
11470 mouse 56 30
11473 mouse 58 32
11474 mouse 63 36
11475 mouse 69 41
11476 mouse 73 45
11477 mouse 76 47
11478 mouse 78 49
11479 mouse 81 51
11480 mouse 83 51
11485 a 1
11488 mouse 84 51
11489 mouse 86 51
11490 a 0
11490 mouse 93 53
11491 mouse 108 57
11492 mouse 133 65
11493 mouse 161 74
11494 mouse 188 81
11495 mouse 208 86
11496 mouse 221 89
11497 mouse 225 90
11504 mouse 227 90
11505 mouse 233 90
11506 mouse 239 91
11507 mouse 246 91
11508 mouse 251 91
11509 mouse 255 93
11510 mouse 259 93
11511 mouse 263 94
11512 mouse 264 95
11513 a 1
11513 mouse 265 95
11519 a 0
11520 mouse 263 94
11521 mouse 258 91
11522 mouse 247 87
11523 mouse 231 83
11524 mouse 210 79
11525 mouse 186 73
11526 mouse 161 65
11527 mouse 138 55
11528 mouse 118 44
11529 mouse 102 36
11530 mouse 91 33
11531 mouse 86 34
11532 mouse 83 37
11533 mouse 78 43
11534 mouse 72 52
11535 mouse 66 61
11536 mouse 61 67
11537 mouse 60 71
11538 mouse 62 72
11539 mouse 65 74
11540 mouse 66 74
11543 mouse 66 72
11544 mouse 66 65
11545 mouse 66 51
11546 mouse 63 29
11547 mouse 56 2
11548 mouse 48 0
11549 mouse 43 0
11550 mouse 42 0
11551 mouse 44 0
11552 mouse 45 0
11553 mouse 49 2
11554 mouse 56 14
11555 mouse 62 34
11556 mouse 68 58
11557 mouse 72 78
11558 mouse 76 93
11559 mouse 76 100
11560 mouse 76 102
11561 mouse 76 104
11562 mouse 75 104
11564 mouse 75 103
11565 mouse 74 102
11566 mouse 73 100
11567 mouse 71 99
11568 mouse 70 98
11569 mouse 68 97
11570 mouse 66 96
11571 mouse 65 95
11573 mouse 64 94
11574 mouse 63 93
11575 mouse 62 92
11576 mouse 58 93
11577 mouse 54 94
11578 mouse 51 94
11579 mouse 50 95
11580 mouse 48 96
11581 mouse 46 98
11582 mouse 44 100
11583 mouse 43 101
11585 mouse 43 102
11586 mouse 42 103
11587 mouse 42 105
11588 mouse 40 107
11589 mouse 38 111
11590 mouse 32 119
11591 mouse 23 130
11592 mouse 12 144
11593 mouse -5 162
11594 mouse -30 185
11595 mouse -63 209
11596 mouse -80 224
11603 mouse -79 223
11604 mouse -72 218
11605 mouse -59 209
11606 mouse -38 196
11607 mouse -16 184
11608 mouse 4 170
11609 mouse 19 158
11610 mouse 30 150
11611 mouse 37 145
11612 mouse 38 144
11614 mouse 38 143
11616 mouse 39 142
11617 mouse 39 141
11618 mouse 39 139
11619 mouse 41 136
11620 mouse 43 131
11621 mouse 46 125
11622 mouse 48 120
11623 mouse 49 115
11624 mouse 50 110
11625 mouse 52 103
11626 mouse 52 97
11627 mouse 53 92
11628 mouse 53 89
11629 mouse 53 88
11648 mouse 55 86
11649 mouse 58 83
11650 mouse 65 76
11651 mouse 70 65
11652 mouse 74 47
11653 mouse 74 27
11654 mouse 73 19
11655 mouse 73 18
11656 mouse 73 20
11657 mouse 73 30
11658 mouse 74 42
11659 mouse 76 55
11660 mouse 76 65
11661 mouse 76 70
11662 mouse 76 72
11674 b 1
11679 mouse 75 72
11684 b 0
11684 mouse 76 72
11685 mouse 77 71
11703 mouse 76 71
11705 mouse 75 71
11711 mouse 75 70
11712 mouse 74 70
11718 mouse 74 71
11719 mouse 73 72
11720 mouse 72 73
11723 mouse 71 74
11724 mouse 70 76
11725 mouse 67 79
11726 mouse 62 84
11727 mouse 57 90
11728 mouse 52 95
11729 mouse 50 98
11730 mouse 49 99
11731 mouse 48 99
11753 mouse 49 99
11756 mouse 50 101
11757 mouse 50 102
11758 mouse 50 103
11759 mouse 51 103
11775 mouse 51 102
11784 mouse 50 103
11789 mouse 50 104
11790 mouse 49 104
11809 mouse 49 103
11810 mouse 48 103
11811 mouse 46 100
11812 mouse 42 97
11813 mouse 40 96
11814 mouse 39 95
11816 mouse 38 95
11822 a 1
11828 a 0
11832 mouse 38 96
11833 mouse 39 96
11834 mouse 39 99
11835 b 1
11835 mouse 39 102
11836 mouse 39 105
11837 mouse 39 106
11842 b 0
11847 mouse 41 108
11848 mouse 45 113
11849 mouse 49 121
11850 mouse 55 133
11851 mouse 59 149
11852 mouse 61 165
11853 mouse 62 181
11854 mouse 62 198
11855 mouse 61 211
11856 mouse 61 222
11857 mouse 61 224
11859 mouse 60 224
11860 mouse 59 224
11862 mouse 59 222
11863 mouse 58 216
11864 mouse 57 206
11865 mouse 56 196
11866 mouse 56 185
11867 mouse 57 173
11868 mouse 57 163
11869 mouse 57 157
11870 mouse 57 153
11871 mouse 57 150
11872 mouse 58 146
11873 mouse 59 143
11874 mouse 59 140
11875 mouse 59 137
11876 mouse 59 131
11877 mouse 58 123
11878 mouse 56 115
11879 mouse 56 110
11880 mouse 55 108
11881 mouse 55 107
11882 mouse 55 106
11889 mouse 54 106
11894 mouse 53 106
11897 mouse 51 106
11899 mouse 50 106
11927 mouse 50 107
11928 mouse 50 108
11930 mouse 50 109
11957 a 1
11962 a 0
11967 b 1
11975 b 0
11984 mouse 50 110
11985 mouse 50 112
11986 mouse 50 122
11987 mouse 51 138
11988 mouse 52 162
11989 mouse 55 191
11990 mouse 60 213
11991 mouse 63 224
11992 mouse 65 224
11996 mouse 65 223
11997 mouse 64 219
11998 mouse 62 213
11999 mouse 60 206
12000 mouse 58 196
12001 mouse 57 182
12002 mouse 56 170
12003 mouse 55 162
12004 mouse 55 157
12005 mouse 55 154
12006 mouse 54 152
12007 mouse 54 149
12008 mouse 54 146
12009 mouse 53 142
12010 mouse 53 139
12011 mouse 53 136
12012 mouse 53 133
12013 mouse 54 132
12016 mouse 54 130
12017 mouse 55 127
12018 mouse 55 124
12019 mouse 55 122
12021 mouse 55 121
12022 mouse 55 120
12023 mouse 55 119
12024 mouse 55 118
12025 mouse 55 117
12029 mouse 55 116
12032 mouse 54 116
12035 mouse 54 115
12039 mouse 53 114
12046 mouse 53 113
12080 a 1
12086 a 0
12090 b 1
12097 b 0
12099 mouse 55 114
12100 mouse 60 114
12101 mouse 70 114
12102 mouse 81 115
12103 mouse 93 115
12104 mouse 102 115
12105 mouse 109 114
12106 mouse 110 114
12118 mouse 111 114
12119 mouse 112 114
12120 mouse 113 114
12207 a 1
12213 a 0
12217 b 1
12224 b 0
12228 mouse 118 116
12229 mouse 131 117
12230 mouse 157 118
12231 mouse 186 119
12232 mouse 220 119
12233 mouse 250 120
12234 mouse 279 120
12235 mouse 307 120
12236 mouse 319 119
12237 mouse 319 117
12238 mouse 319 116
12239 mouse 319 114
12240 mouse 319 113
12242 mouse 315 112
12243 mouse 307 110
12244 mouse 295 109
12245 mouse 281 109
12246 mouse 266 108
12247 mouse 249 108
12248 mouse 232 108
12249 mouse 217 109
12250 mouse 206 109
12251 mouse 199 109
12252 mouse 195 109
12253 mouse 193 109
12254 mouse 191 109
12255 mouse 190 109
12256 mouse 187 109
12257 mouse 182 109
12258 mouse 175 109
12259 mouse 167 109
12260 mouse 162 109
12261 mouse 161 109
12264 mouse 159 109
12265 mouse 154 110
12266 mouse 147 111
12267 mouse 140 112
12268 mouse 135 113
12269 mouse 134 113
12273 mouse 133 114
12277 mouse 133 115
12278 mouse 132 116
12280 mouse 131 117
12281 mouse 129 117
12282 mouse 128 118
12286 mouse 128 117
12287 mouse 127 117
12289 mouse 127 116
12291 mouse 126 115
12293 mouse 125 115
12296 mouse 124 115
12303 mouse 123 115
12327 a 1
12333 a 0
12337 b 1
12344 b 0
12345 mouse 124 116
12346 mouse 131 117
12347 mouse 147 118
12348 mouse 176 120
12349 mouse 209 123
12350 mouse 249 125
12351 mouse 291 127
12352 mouse 319 128
12354 mouse 319 125
12355 mouse 319 123
12356 mouse 319 122
12357 mouse 319 121
12360 mouse 315 120
12361 mouse 309 117
12362 mouse 301 115
12363 mouse 286 114
12364 mouse 267 112
12365 mouse 244 112
12366 mouse 223 113
12367 mouse 205 113
12368 mouse 189 113
12369 mouse 177 113
12370 mouse 169 113
12371 mouse 160 112
12372 mouse 152 112
12373 mouse 143 112
12374 mouse 136 112
12375 mouse 133 112
12376 mouse 132 112
12377 mouse 131 112
12378 mouse 128 112
12379 mouse 124 113
12380 mouse 118 113
12381 mouse 114 114
12382 mouse 110 115
12383 mouse 108 116
12390 mouse 110 116
12391 mouse 114 116
12392 mouse 117 116
12393 mouse 119 115
12402 mouse 118 115
12410 mouse 119 115
12413 mouse 120 115
12415 mouse 121 115
12451 a 1
12456 a 0
12461 b 1
12467 b 0
12469 mouse 123 116
12470 mouse 129 116
12471 mouse 140 117
12472 mouse 159 119
12473 mouse 185 121
12474 mouse 217 124
12475 mouse 255 125
12476 mouse 295 126
12477 mouse 319 125
12478 mouse 319 123
12479 mouse 319 122
12480 mouse 319 121
12482 mouse 315 120
12483 mouse 301 117
12484 mouse 286 116
12485 mouse 271 116
12486 mouse 257 116
12487 mouse 242 116
12488 mouse 226 116
12489 mouse 211 116
12490 mouse 199 117
12491 mouse 188 118
12492 mouse 183 119
12493 mouse 180 119
12494 mouse 178 119
12495 mouse 172 119
12496 mouse 164 119
12497 mouse 159 119
12498 mouse 157 120
12499 mouse 156 120
12500 mouse 153 120
12501 mouse 149 120
12502 mouse 146 120
12503 mouse 142 120
12504 mouse 137 119
12505 mouse 135 119
12511 mouse 136 119
12512 mouse 136 118
12513 mouse 137 118
12516 mouse 138 118
12518 mouse 139 118
12519 mouse 140 118
12530 mouse 141 118
12577 a 1
12584 a 0
12681 mouse 140 118
12682 mouse 138 117
12683 mouse 133 117
12684 mouse 124 117
12685 mouse 111 117
12686 mouse 98 117
12687 mouse 82 117
12688 mouse 66 117
12689 mouse 53 117
12690 mouse 44 116
12691 mouse 39 116
12692 mouse 36 116
12693 mouse 32 115
12694 mouse 30 115
12695 mouse 26 115
12696 mouse 20 114
12697 mouse 11 113
12698 mouse -1 112
12699 mouse -12 110
12700 mouse -21 108
12701 mouse -29 106
12702 mouse -34 105
12703 mouse -37 104
12704 mouse -38 103
12707 mouse -38 102
12709 mouse -38 101
12710 mouse -38 100
12711 mouse -38 98
12712 mouse -37 97
12713 mouse -37 96
12714 mouse -36 96
12715 mouse -34 95
12716 mouse -32 95
12717 mouse -30 94
12718 mouse -27 94
12719 mouse -25 96
12720 mouse -24 101
12721 mouse -24 108
12722 mouse -27 115
12723 mouse -34 119
12724 mouse -45 122
12725 mouse -55 123
12726 mouse -61 122
12727 mouse -63 119
12728 mouse -62 111
12729 mouse -60 103
12730 mouse -54 96
12731 mouse -46 92
12732 mouse -38 89
12733 mouse -29 87
12734 mouse -20 88
12735 mouse -14 90
12736 mouse -8 95
12737 mouse -2 102
12738 mouse 5 109
12739 mouse 10 114
12740 mouse 12 117
12741 mouse 13 118
12742 mouse 13 119
12748 mouse 12 119
12749 mouse 12 118
12752 mouse 12 117
12754 mouse 14 116
12755 mouse 19 115
12756 mouse 28 114
12757 mouse 38 114
12758 mouse 50 113
12759 mouse 64 113
12760 mouse 84 114
12761 mouse 109 115
12762 mouse 143 116
12763 mouse 181 117
12764 mouse 222 118
12765 mouse 267 119
12766 mouse 305 119
12767 mouse 319 117
12768 mouse 319 116
12770 mouse 314 115
12771 mouse 299 114
12772 mouse 278 111
12773 mouse 250 110
12774 mouse 226 111
12775 mouse 204 111
12776 mouse 182 111
12777 mouse 159 110
12778 mouse 135 110
12779 mouse 112 112
12780 mouse 91 113
12781 mouse 76 113
12782 mouse 67 113
12783 mouse 64 113
12785 mouse 63 112
12786 mouse 58 112
12787 mouse 46 112
12788 mouse 27 113
12789 mouse 3 115
12790 mouse -26 116
12791 mouse -57 117
12792 mouse -80 118
12795 mouse -80 117
12797 mouse -78 118
12798 mouse -72 118
12799 mouse -61 119
12800 mouse -46 119
12801 mouse -24 119
12802 mouse 2 119
12803 mouse 25 119
12804 mouse 46 118
12805 mouse 64 119
12806 mouse 81 120
12807 mouse 98 121
12808 mouse 117 122
12809 mouse 136 122
12810 mouse 161 123
12811 mouse 192 125
12812 mouse 228 125
12813 mouse 271 125
12814 mouse 304 122
12815 mouse 319 120
12816 mouse 319 119
12819 mouse 318 119
12820 mouse 306 116
12821 mouse 276 113
12822 mouse 242 112
12823 mouse 209 114
12824 mouse 181 116
12825 mouse 154 116
12826 mouse 125 116
12827 mouse 94 116
12828 mouse 66 116
12829 mouse 45 117
12830 mouse 32 118
12831 mouse 22 117
12832 mouse 13 116
12833 mouse -1 116
12834 mouse -19 116
12835 mouse -39 117
12836 mouse -57 118
12837 mouse -74 118
12838 mouse -80 118
12843 mouse -78 118
12844 mouse -74 118
12845 mouse -68 118
12846 mouse -54 118
12847 mouse -31 118
12848 mouse -2 118
12849 mouse 29 118
12850 mouse 61 118
12851 mouse 99 119
12852 mouse 141 120
12853 mouse 178 120
12854 mouse 214 120
12855 mouse 248 120
12856 mouse 276 121
12857 mouse 300 121
12858 mouse 319 121
12859 mouse 319 120
12863 mouse 319 121
12870 mouse 308 118
12871 mouse 285 116
12872 mouse 251 115
12873 mouse 222 117
12874 mouse 193 119
12875 mouse 167 120
12876 mouse 143 120
12877 mouse 115 120
12878 mouse 91 120
12879 mouse 76 122
12880 mouse 67 122
12881 mouse 62 122
12882 mouse 56 122
12883 mouse 45 122
12884 mouse 30 123
12885 mouse 17 124
12886 mouse 3 124
12887 mouse -12 124
12888 mouse -26 123
12889 mouse -40 123
12890 mouse -55 122
12891 mouse -69 122
12892 mouse -80 122
12897 mouse -78 122
12898 mouse -75 122
12901 mouse -74 122
12902 mouse -65 123
12903 mouse -49 123
12904 mouse -28 123
12905 mouse -3 122
12906 mouse 22 122
12907 mouse 52 124
12908 mouse 90 125
12909 mouse 129 124
12910 mouse 165 124
12911 mouse 198 124
12912 mouse 226 124
12913 mouse 252 125
12914 mouse 270 124
12915 mouse 286 124
12916 mouse 302 124
12917 mouse 317 124
12918 mouse 319 124
12919 mouse 319 123
12921 mouse 318 123
12922 mouse 315 122
12924 mouse 314 122
12925 mouse 311 122
12926 mouse 300 121
12927 mouse 281 119
12928 mouse 252 118
12929 mouse 230 119
12930 mouse 209 121
12931 mouse 193 121
12932 mouse 176 120
12933 mouse 155 119
12934 mouse 131 119
12935 mouse 110 120
12936 mouse 90 121
12937 mouse 73 121
12938 mouse 55 121
12939 mouse 37 121
12940 mouse 16 121
12941 mouse -7 121
12942 mouse -32 121
12943 mouse -57 122
12944 mouse -77 123
12945 mouse -80 123
12946 mouse -80 124
12948 mouse -77 124
12949 mouse -63 124
12950 mouse -43 123
12951 mouse -20 123
12952 mouse 1 122
12953 mouse 16 122
12954 mouse 26 122
12955 mouse 41 124
12956 mouse 58 126
12957 mouse 77 126
12958 mouse 94 125
12959 mouse 112 125
12960 mouse 134 127
12961 mouse 159 129
12962 mouse 184 129
12963 mouse 210 130
12964 mouse 235 130
12965 mouse 262 131
12966 mouse 289 131
12967 mouse 313 131
12968 mouse 319 130
12969 mouse 319 129
12971 mouse 315 128
12972 mouse 305 127
12973 mouse 297 127
12974 mouse 289 127
12975 mouse 278 126
12976 mouse 260 124
12977 mouse 231 122
12978 mouse 201 122
12979 mouse 169 122
12980 mouse 141 123
12981 mouse 120 122
12982 mouse 104 121
12983 mouse 87 118
12984 mouse 68 117
12985 mouse 46 116
12986 mouse 22 117
12987 mouse -4 117
12988 mouse -31 118
12989 mouse -55 119
12990 mouse -78 119
12991 mouse -80 119
12995 mouse -77 120
12996 mouse -60 120
12997 mouse -39 120
12998 mouse -16 119
12999 mouse 10 118
13000 mouse 37 118
13001 mouse 56 118
13002 mouse 71 118
13003 mouse 84 119
13004 mouse 103 122
13005 mouse 124 122
13006 mouse 148 122
13007 mouse 180 123
13008 mouse 214 123
13009 mouse 253 124
13010 mouse 293 125
13011 mouse 319 125
13012 mouse 319 124
13013 mouse 319 123
13016 mouse 314 122
13017 mouse 300 120
13018 mouse 284 119
13019 mouse 264 120
13020 mouse 245 119
13021 mouse 222 118
13022 mouse 195 116
13023 mouse 172 116
13024 mouse 148 116
13025 mouse 129 116
13026 mouse 118 116
13027 mouse 116 116
13230 mouse 115 115
13249 start 1
13255 start 0
13275 mouse 155 115
