# db4a input recording
# frame button down
# frame mouse x y   (game pixels)
0 start 1
0 mouse -40 0
6 start 0
112 start 1
119 start 0
868 start 1
874 start 0
1001 start 1
1008 start 0
1056 down 1
1062 down 0
1071 start 1
1077 start 0
1125 down 1
1152 down 0
1172 down 1
1177 down 0
1181 down 1
1186 down 0
1190 down 1
1195 down 0
1199 down 1
1204 down 0
1266 a 1
1274 a 0
1323 right 1
1329 right 0
1333 right 1
1339 right 0
1343 right 1
1347 right 0
1351 a 1
1357 a 0
1384 down 1
1390 down 0
1397 down 1
1401 down 0
1409 up 1
1415 up 0
1428 left 1
1433 left 0
1438 left 1
1442 left 0
1447 left 1
1452 left 0
1457 down 1
1464 down 0
1467 a 1
1473 a 0
1483 right 1
1488 right 0
1492 right 1
1499 right 0
1503 right 1
1511 right 0
1516 up 1
1522 up 0
1529 a 1
1535 a 0
1541 up 1
1547 up 0
1549 right 1
1556 right 0
1559 a 1
1566 a 0
1584 down 1
1591 down 0
1597 right 1
1603 right 0
1606 right 1
1611 right 0
1616 right 1
1621 right 0
1628 a 1
1634 a 0
1652 left 1
1658 left 0
1665 left 1
1672 left 0
1680 left 1
1687 left 0
1693 left 1
1699 left 0
1705 left 1
1710 left 0
1716 left 1
1722 left 0
1727 left 1
1734 left 0
1739 down 1
1745 down 0
1751 a 1
1759 a 0
1779 right 1
1786 right 0
1791 right 1
1796 right 0
1803 right 1
1809 right 0
1814 right 1
1820 right 0
1825 right 1
1830 right 0
1854 up 1
1861 up 0
1866 left 1
1872 left 0
1878 left 1
1884 left 0
1907 a 1
1915 a 0
1926 a 1
1933 a 0
1940 up 1
1947 up 0
1952 right 1
1959 right 0
1968 a 1
1975 a 0
2002 right 1
2007 right 0
2012 right 1
2018 right 0
2041 right 1
2048 right 0
2053 down 1
2059 down 0
2068 a 1
2075 a 0
2088 a 1
2095 a 0
2283 a 1
2293 a 0
2302 a 1
2309 a 0
2315 a 1
2322 a 0
2331 a 1
2337 a 0
2343 a 1
2349 a 0
2365 a 1
2369 a 0
2404 mouse 270 145
2405 mouse 272 136
2406 mouse 275 127
2407 mouse 278 123
2408 mouse 279 122
2476 mouse 279 121
2497 mouse 278 120
2498 mouse 277 119
2499 mouse 277 118
2500 mouse 277 116
2501 mouse 277 115
2512 mouse 277 114
2513 mouse 277 113
2514 mouse 277 112
2515 mouse 277 111
2601 mouse 277 110
2789 mouse 277 109
2790 mouse 278 109
2791 mouse 278 108
2892 mouse 278 109
2904 mouse 278 110
2911 mouse 277 110
2912 mouse 277 111
2913 mouse 276 111
2914 mouse 274 111
2915 mouse 272 111
2916 mouse 269 111
2917 mouse 267 110
2918 mouse 265 110
2920 mouse 264 111
2921 mouse 263 114
2922 mouse 262 117
2923 mouse 261 120
2924 mouse 260 120
2925 mouse 260 121
2926 mouse 259 120
2927 mouse 257 119
2928 mouse 254 117
2929 mouse 253 117
2930 mouse 252 117
2931 mouse 251 117
2932 mouse 247 118
2933 mouse 245 121
2934 mouse 244 122
2954 mouse 241 120
2955 mouse 241 119
2972 mouse 239 120
2973 mouse 234 121
2974 mouse 226 123
2975 mouse 219 125
2976 mouse 211 127
2977 mouse 204 128
2978 mouse 198 129
2979 mouse 193 130
2980 mouse 192 130
2989 mouse 191 129
2991 mouse 191 128
3109 mouse 151 128
3126 mouse 152 127
3127 mouse 155 126
3128 mouse 159 124
3129 mouse 163 123
3130 mouse 166 121
3131 mouse 169 119
3132 mouse 170 118
3133 mouse 171 118
3135 mouse 172 117
3136 mouse 173 117
3137 mouse 174 117
3138 mouse 177 116
3139 mouse 180 115
3140 mouse 181 114
3141 mouse 182 114
3144 mouse 182 113
3145 mouse 183 109
3146 mouse 183 106
3147 mouse 184 105
3148 mouse 184 104
3149 mouse 184 103
3150 mouse 185 103
3151 mouse 186 101
3152 mouse 188 98
3153 mouse 189 95
3154 mouse 191 94
3155 mouse 191 93
3159 mouse 191 92
3160 mouse 192 92
3166 mouse 192 91
3168 mouse 193 90
3169 mouse 194 88
3170 mouse 195 86
3171 mouse 197 82
3172 mouse 199 79
3173 mouse 200 77
3175 mouse 200 76
3187 mouse 199 77
3197 mouse 201 76
3198 mouse 210 75
3199 mouse 230 71
3200 mouse 258 68
3201 mouse 291 64
3202 mouse 319 59
3203 mouse 319 54
3204 mouse 319 51
3205 mouse 319 49
3208 mouse 319 50
3209 mouse 319 51
3216 mouse 316 52
3217 mouse 296 53
3218 mouse 256 54
3219 mouse 215 57
3220 mouse 165 61
3221 mouse 96 66
3222 mouse 36 70
3223 mouse -26 73
3224 mouse -80 75
3225 mouse -80 77
3226 mouse -80 78
3227 mouse -80 79
3228 mouse -80 80
3229 mouse -80 81
3230 mouse -80 83
3231 mouse -80 84
3233 mouse -80 85
3241 mouse -74 84
3242 mouse -61 84
3243 mouse -42 83
3244 mouse -26 82
3245 mouse -8 81
3246 mouse 4 81
3247 mouse 13 81
3248 mouse 15 82
3257 mouse 18 82
3258 mouse 30 83
3259 mouse 60 84
3260 mouse 99 84
3261 mouse 144 82
3262 mouse 198 79
3263 mouse 250 76
3264 mouse 315 72
3265 mouse 319 66
3266 mouse 319 59
3267 mouse 319 52
3268 mouse 319 46
3269 mouse 319 45
3270 mouse 319 44
3271 mouse 316 43
3272 mouse 303 37
3273 mouse 280 29
3274 mouse 251 23
3275 mouse 221 21
3276 mouse 187 24
3277 mouse 168 28
3278 mouse 148 35
3279 mouse 138 41
3280 mouse 135 45
3281 mouse 136 48
3282 mouse 138 50
3283 mouse 140 53
3284 mouse 143 56
3285 mouse 146 60
3286 mouse 148 63
3287 mouse 149 64
3288 mouse 149 65
3289 mouse 150 67
3290 mouse 151 68
3291 mouse 152 69
3293 mouse 151 69
3294 mouse 148 69
3295 mouse 139 69
3296 mouse 125 68
3297 mouse 106 66
3298 mouse 91 66
3299 mouse 84 65
3300 mouse 82 65
3301 mouse 82 64
3306 mouse 83 64
3308 mouse 83 63
3309 mouse 82 61
3310 mouse 79 58
3311 mouse 73 53
3312 mouse 64 49
3313 mouse 58 48
3314 mouse 54 48
3315 mouse 51 48
3316 a 1
3322 a 0
3324 mouse 53 40
3325 mouse 56 23
3326 mouse 57 1
3327 mouse 60 0
3328 mouse 63 0
3329 mouse 66 0
3330 mouse 67 0
3331 mouse 66 0
3332 mouse 65 0
3333 mouse 64 0
3339 mouse 65 0
3340 mouse 67 9
3341 mouse 67 24
3342 mouse 66 39
3343 mouse 66 49
3344 mouse 66 55
3345 mouse 66 59
3346 mouse 66 60
3350 mouse 66 59
3351 mouse 66 58
3352 mouse 66 57
3353 mouse 66 56
3355 a 1
3360 a 0
3361 mouse 66 57
3362 mouse 68 61
3363 mouse 76 70
3364 mouse 88 83
3365 mouse 102 101
3366 mouse 118 120
3367 mouse 133 135
3368 mouse 147 144
3369 mouse 156 149
3370 mouse 160 151
3381 mouse 160 152
3382 mouse 161 153
3383 mouse 163 156
3384 mouse 166 161
3385 mouse 171 166
3386 mouse 176 170
3387 mouse 178 172
3388 mouse 178 173
3389 a 1
3393 mouse 178 172
3395 a 0
3395 mouse 176 170
3396 mouse 174 165
3397 mouse 167 154
3398 mouse 155 136
3399 mouse 138 115
3400 mouse 120 98
3401 mouse 107 86
3402 mouse 103 81
3403 mouse 102 78
3407 mouse 103 78
3409 mouse 104 77
3410 mouse 104 76
3411 mouse 105 76
3414 a 1
3414 mouse 105 75
3419 a 0
3420 mouse 105 78
3421 mouse 103 87
3422 mouse 98 102
3423 mouse 90 125
3424 mouse 81 147
3425 mouse 73 165
3426 mouse 65 178
3427 mouse 60 188
3428 mouse 56 194
3429 mouse 55 198
3430 mouse 54 199
3431 mouse 53 200
3433 mouse 52 201
3434 mouse 50 204
3435 mouse 47 207
3436 mouse 46 209
3437 mouse 45 210
3439 a 1
3442 mouse 46 208
3443 mouse 45 203
3444 a 0
3444 mouse 46 193
3445 mouse 46 178
3446 mouse 47 160
3447 mouse 48 149
3448 mouse 48 143
3449 mouse 48 141
3454 mouse 48 140
3455 mouse 48 139
3456 mouse 49 139
3457 mouse 50 137
3458 mouse 53 129
3459 mouse 58 116
3460 mouse 63 93
3461 mouse 69 60
3462 mouse 75 16
3463 mouse 78 0
3465 mouse 75 0
3466 mouse 70 0
3467 mouse 65 0
3468 mouse 59 0
3469 mouse 54 0
3470 mouse 49 0
3471 mouse 47 0
3474 mouse 46 6
3475 mouse 43 16
3476 mouse 38 28
3477 mouse 33 40
3478 mouse 31 45
3479 mouse 31 46
3480 mouse 31 47
3481 mouse 31 48
3482 mouse 31 50
3483 mouse 31 54
3484 mouse 32 58
3485 mouse 33 63
3486 mouse 34 69
3487 mouse 36 72
3488 mouse 36 73
3489 a 1
3494 a 0
3494 mouse 36 72
3496 mouse 37 72
3497 mouse 39 74
3498 mouse 43 79
3499 mouse 51 92
3500 mouse 60 112
3501 mouse 67 141
3502 mouse 75 177
3503 mouse 82 215
3504 mouse 89 224
3505 mouse 96 224
3506 mouse 104 224
3507 mouse 111 224
3508 mouse 119 224
3509 mouse 125 224
3510 mouse 131 224
3511 mouse 134 224
3512 mouse 135 224
3515 mouse 135 223
3516 mouse 134 218
3517 mouse 133 211
3518 mouse 133 205
3519 mouse 132 202
3520 mouse 132 201
3521 mouse 132 200
3522 mouse 132 199
3523 mouse 133 196
3524 mouse 132 190
3525 mouse 130 183
3526 mouse 127 178
3527 mouse 126 176
3528 mouse 125 174
3529 mouse 122 170
3530 mouse 118 164
3531 mouse 116 159
3532 mouse 115 155
3533 mouse 114 154
3534 a 1
3534 mouse 114 153
3538 a 0
3540 mouse 116 153
3541 mouse 120 151
3542 mouse 128 148
3543 mouse 137 144
3544 mouse 147 139
3545 mouse 155 135
3546 b 1
3546 mouse 156 135
3551 b 0
3554 mouse 158 138
3555 mouse 165 146
3556 mouse 175 154
3557 mouse 186 164
3558 mouse 195 171
3559 mouse 201 178
3560 mouse 205 183
3561 mouse 205 186
3562 mouse 205 187
3563 mouse 205 189
3564 mouse 205 191
3569 a 1
3573 a 0
3573 mouse 205 190
3574 mouse 205 189
3575 mouse 206 182
3576 mouse 206 165
3577 mouse 206 126
3578 mouse 206 86
3579 mouse 203 41
3580 mouse 200 0
3581 mouse 197 0
3582 mouse 195 0
3583 mouse 192 0
3584 mouse 189 0
3585 mouse 186 0
3586 mouse 185 0
3587 mouse 184 0
3590 mouse 183 0
3594 mouse 183 6
3595 mouse 180 19
3596 mouse 175 38
3597 mouse 170 53
3598 mouse 164 61
3599 mouse 161 65
3600 mouse 160 66
3601 mouse 157 65
3602 mouse 153 63
3603 mouse 146 60
3604 mouse 142 60
3605 mouse 141 60
3606 mouse 140 60
3607 mouse 139 64
3608 mouse 139 68
3609 mouse 141 69
3610 mouse 142 69
3611 mouse 143 68
3612 mouse 145 66
3613 mouse 148 62
3614 mouse 152 56
3615 mouse 154 53
3617 a 1
3623 a 0
3625 mouse 154 54
3626 mouse 153 55
3627 mouse 153 61
3628 mouse 154 72
3629 mouse 154 99
3630 mouse 156 144
3631 mouse 157 199
3632 mouse 155 224
3633 mouse 152 224
3634 mouse 150 224
3637 mouse 151 224
3638 mouse 150 224
3639 mouse 149 224
3645 mouse 148 224
3646 mouse 145 219
3647 mouse 137 209
3648 mouse 125 194
3649 mouse 118 188
3650 mouse 114 184
3651 mouse 111 180
3652 mouse 108 176
3653 mouse 104 173
3654 mouse 98 171
3655 mouse 93 171
3656 mouse 90 172
3657 mouse 88 173
3658 mouse 87 175
3659 mouse 85 178
3660 mouse 83 181
3661 mouse 82 182
3663 mouse 82 183
3667 a 1
3669 mouse 81 183
3670 mouse 81 180
3671 a 0
3671 mouse 82 168
3672 mouse 83 143
3673 mouse 83 107
3674 mouse 83 77
3675 mouse 83 52
3676 mouse 84 34
3677 mouse 86 20
3678 mouse 88 11
3679 mouse 88 7
3680 mouse 89 3
3681 mouse 91 0
3682 mouse 93 0
3684 mouse 94 0
3687 mouse 93 1
3688 mouse 93 5
3689 mouse 90 14
3690 mouse 85 27
3691 mouse 78 39
3692 mouse 74 48
3693 mouse 71 55
3694 mouse 70 57
3695 mouse 70 58
3696 mouse 71 59
3697 mouse 73 64
3698 mouse 74 73
3699 mouse 76 84
3700 mouse 77 95
3701 mouse 78 110
3702 mouse 78 130
3703 mouse 75 160
3704 mouse 75 195
3705 mouse 76 224
3706 mouse 78 224
3707 mouse 81 224
3708 mouse 83 224
3711 mouse 82 224
3718 mouse 81 224
3719 mouse 81 219
3720 mouse 78 205
3721 mouse 78 192
3722 mouse 78 186
3723 mouse 78 183
3724 mouse 77 181
3725 mouse 77 180
3731 mouse 76 179
3732 mouse 76 178
3733 mouse 76 177
3734 mouse 76 176
3736 mouse 76 175
3737 a 1
3737 mouse 77 174
3743 a 0
3745 mouse 77 173
3746 mouse 77 172
3747 mouse 78 167
3748 mouse 79 155
3749 mouse 79 135
3750 mouse 80 111
3751 mouse 78 86
3752 mouse 77 56
3753 mouse 76 20
3754 mouse 74 0
3755 mouse 72 0
3760 mouse 71 0
3761 mouse 70 0
3765 mouse 71 0
3766 mouse 73 7
3767 mouse 73 20
3768 mouse 73 33
3769 mouse 72 42
3770 mouse 72 48
3771 mouse 71 53
3772 mouse 71 57
3773 mouse 71 59
3775 mouse 71 60
3776 mouse 71 62
3777 mouse 72 64
3778 mouse 72 68
3779 mouse 71 72
3780 mouse 71 74
3781 a 1
3783 mouse 71 73
3785 mouse 71 72
3787 a 0
3788 mouse 71 71
3791 mouse 71 70
3793 b 1
3798 b 0
3803 mouse 72 73
3804 mouse 78 85
3805 mouse 86 108
3806 mouse 94 136
3807 mouse 102 167
3808 mouse 108 195
3809 mouse 112 221
3810 mouse 115 224
3816 mouse 114 224
3817 mouse 113 224
3818 mouse 112 224
3820 mouse 111 224
3824 mouse 111 219
3825 mouse 112 210
3826 mouse 114 195
3827 mouse 116 180
3828 mouse 117 168
3829 mouse 118 164
3830 mouse 118 159
3831 mouse 119 156
3832 mouse 119 155
3834 mouse 119 154
3836 mouse 120 154
3837 mouse 121 154
3838 mouse 123 153
3839 mouse 125 154
3840 mouse 126 157
3841 mouse 128 164
3842 mouse 129 169
3843 mouse 129 173
3844 mouse 129 174
3852 mouse 133 175
3853 mouse 140 177
3854 mouse 142 178
3856 mouse 142 179
3857 a 1
3862 a 0
3864 mouse 142 178
3865 mouse 142 174
3866 mouse 143 165
3867 mouse 144 148
3868 mouse 143 120
3869 mouse 141 89
3870 mouse 138 53
3871 mouse 134 15
3872 mouse 130 0
3873 mouse 127 0
3874 mouse 126 0
3875 mouse 124 0
3876 mouse 122 0
3877 mouse 120 0
3878 mouse 119 0
3885 mouse 118 0
3888 mouse 119 0
3894 mouse 120 0
3895 mouse 119 5
3896 mouse 115 18
3897 mouse 108 31
3898 mouse 101 43
3899 mouse 93 54
3900 mouse 86 62
3901 mouse 80 69
3902 mouse 76 74
3903 mouse 73 75
3904 mouse 70 76
3905 mouse 68 76
3906 mouse 67 76
3907 mouse 66 76
3908 mouse 65 76
3909 mouse 62 76
3910 mouse 57 78
3911 mouse 51 83
3912 mouse 44 89
3913 mouse 35 94
3914 mouse 29 98
3915 mouse 26 101
3916 mouse 25 103
3917 mouse 24 104
3923 a 1
3928 a 0
3930 mouse 25 104
3931 mouse 27 103
3932 mouse 34 101
3933 mouse 47 97
3934 mouse 56 93
3935 mouse 60 90
3936 mouse 60 89
3939 mouse 62 88
3940 mouse 63 88
3941 mouse 66 87
3942 mouse 68 86
3943 mouse 71 85
3944 mouse 75 85
3945 mouse 81 84
3946 mouse 86 83
3947 mouse 90 83
3948 mouse 90 82
3952 mouse 89 82
3953 mouse 87 83
3954 mouse 85 84
3955 mouse 84 85
3956 mouse 82 88
3957 mouse 79 94
3958 mouse 74 103
3959 mouse 69 111
3960 mouse 63 115
3961 mouse 56 116
3962 mouse 52 117
3964 mouse 52 116
3966 a 1
3967 mouse 52 117
3972 a 0
3975 mouse 52 116
3990 mouse 52 117
3991 mouse 52 119
3992 mouse 55 128
3993 mouse 66 149
3994 mouse 84 177
3995 mouse 106 210
3996 mouse 129 224
3997 mouse 152 224
3998 mouse 169 224
3999 mouse 182 224
4000 mouse 193 224
4001 mouse 198 224
4002 mouse 200 224
4003 mouse 203 224
4004 mouse 206 224
4005 mouse 207 224
4006 mouse 208 224
4008 mouse 207 224
4010 mouse 206 224
4011 mouse 205 224
4012 mouse 202 224
4013 mouse 198 224
4014 mouse 195 224
4015 mouse 190 224
4016 mouse 185 224
4017 mouse 176 224
4018 mouse 164 224
4019 mouse 153 224
4020 mouse 140 223
4021 mouse 129 218
4022 mouse 114 209
4023 mouse 102 197
4024 mouse 93 187
4025 mouse 86 179
4026 mouse 82 173
4027 mouse 79 169
4028 mouse 79 168
4029 mouse 79 167
4033 mouse 78 168
4034 mouse 76 169
4035 mouse 75 170
4037 mouse 77 169
4038 mouse 79 167
4039 mouse 83 165
4040 mouse 89 163
4041 mouse 95 162
4042 mouse 98 161
4043 mouse 99 161
4050 mouse 100 162
4051 mouse 100 164
4053 mouse 100 167
4054 mouse 100 172
4055 mouse 100 174
4056 mouse 100 175
4057 mouse 101 176
4058 mouse 101 177
4059 mouse 100 178
4063 mouse 100 177
4064 mouse 100 175
4065 mouse 100 171
4066 mouse 100 169
4067 mouse 100 168
4085 a 1
4089 a 0
4098 mouse 100 171
4099 mouse 103 182
4100 mouse 108 205
4101 mouse 112 224
4102 mouse 116 224
4103 mouse 117 224
4104 mouse 118 224
4105 mouse 120 224
4106 mouse 122 224
4107 mouse 124 224
4108 mouse 125 224
4109 mouse 126 224
4116 mouse 126 223
4117 mouse 125 220
4118 mouse 125 211
4119 mouse 124 187
4120 mouse 126 166
4121 mouse 128 153
4122 mouse 128 147
4123 mouse 128 145
4131 mouse 128 144
4132 mouse 129 144
4133 mouse 130 143
4140 mouse 130 142
4150 b 1
4154 b 0
4191 mouse 130 141
4197 mouse 130 140
4202 mouse 130 139
4203 mouse 131 139
4204 mouse 132 139
4205 mouse 135 138
4206 mouse 138 138
4207 mouse 140 137
4208 mouse 141 137
4209 mouse 142 137
4212 mouse 143 136
4213 mouse 145 135
4214 mouse 147 134
4215 mouse 148 133
4216 mouse 149 133
4218 mouse 150 132
4219 mouse 151 131
4223 mouse 152 131
4228 mouse 153 131
4234 mouse 154 131
4235 mouse 155 131
4236 mouse 156 131
4237 mouse 158 132
4238 mouse 160 132
4239 mouse 163 131
4240 mouse 164 131
4241 mouse 165 130
4253 mouse 166 130
4254 mouse 170 130
4255 mouse 174 131
4256 mouse 178 131
4257 mouse 180 132
4258 mouse 182 133
4259 mouse 184 135
4260 mouse 186 136
4261 mouse 187 136
4271 mouse 186 136
4272 mouse 184 136
4273 mouse 179 133
4274 mouse 174 129
4275 mouse 171 125
4276 mouse 170 123
4277 mouse 169 121
4278 mouse 168 119
4279 mouse 168 118
4280 mouse 167 118
4285 mouse 167 117
4289 mouse 166 117
4290 mouse 165 116
4291 mouse 164 115
4292 mouse 163 115
4293 mouse 163 114
4295 a 1
4301 a 0
4306 b 1
4311 b 0
4311 mouse 163 115
4318 mouse 164 115
4321 mouse 169 115
4322 mouse 178 116
4323 mouse 194 117
4324 mouse 222 118
4325 mouse 259 118
4326 mouse 297 118
4327 mouse 319 118
4331 mouse 319 120
4337 mouse 315 120
4338 mouse 304 119
4339 mouse 289 119
4340 mouse 273 121
4341 mouse 255 123
4342 mouse 238 125
4343 mouse 224 127
4344 mouse 215 127
4345 mouse 211 127
4346 mouse 208 127
4348 mouse 207 127
4350 mouse 206 127
4351 mouse 203 126
4352 mouse 201 125
4353 mouse 200 125
4358 mouse 200 124
4359 mouse 197 123
4360 mouse 195 122
4362 mouse 194 123
4363 mouse 192 124
4364 mouse 188 126
4365 mouse 182 127
4366 mouse 178 128
4367 mouse 177 128
4368 mouse 176 128
4370 mouse 175 128
4371 mouse 174 129
4372 mouse 173 129
4373 mouse 172 129
4374 mouse 171 130
4375 mouse 170 130
4390 mouse 169 130
4391 mouse 168 130
4392 mouse 167 130
4393 mouse 166 130
4394 mouse 165 130
4430 a 1
4437 a 0
4440 b 1
4446 b 0
4450 mouse 165 131
4451 mouse 167 137
4452 mouse 170 148
4453 mouse 175 166
4454 mouse 183 188
4455 mouse 193 210
4456 mouse 201 224
4457 mouse 207 224
4458 mouse 210 224
4460 mouse 209 224
4461 mouse 208 224
4462 mouse 205 224
4463 mouse 202 224
4464 mouse 198 224
4465 mouse 196 223
4466 mouse 193 217
4467 mouse 187 200
4468 mouse 176 174
4469 mouse 166 152
4470 mouse 160 138
4471 mouse 156 131
4472 mouse 155 128
4473 mouse 155 127
4480 mouse 156 127
4482 mouse 157 126
4487 mouse 158 126
4488 mouse 159 125
4489 mouse 163 123
4490 mouse 167 123
4491 mouse 172 122
4492 mouse 176 121
4493 mouse 179 121
4494 mouse 180 121
4495 mouse 181 121
4501 mouse 182 121
4503 mouse 183 121
4554 a 1
4561 a 0
4572 mouse 181 121
4573 mouse 179 122
4574 b 1
4574 mouse 175 123
4575 mouse 171 123
4576 mouse 167 124
4577 mouse 166 124
4581 b 0
4590 mouse 165 124
4591 mouse 164 123
4592 mouse 161 123
4593 mouse 159 122
4594 mouse 158 122
4595 mouse 157 122
4596 mouse 156 122
4597 mouse 155 122
4598 mouse 154 121
4599 mouse 153 121
4600 mouse 152 121
4604 mouse 151 121
4609 mouse 150 121
4628 mouse 149 121
4706 a 1
4714 a 0
4720 mouse 147 121
4721 mouse 141 122
4722 mouse 136 123
4723 mouse 133 123
4733 b 1
4739 b 0
4746 mouse 132 123
4747 mouse 131 123
4748 mouse 128 123
4749 mouse 126 123
4750 mouse 124 123
4751 mouse 123 123
4752 mouse 121 123
4754 mouse 121 122
4756 mouse 120 122
4757 mouse 119 122
4758 mouse 117 122
4759 mouse 115 121
4760 mouse 113 121
4761 mouse 112 121
4762 mouse 111 121
4791 mouse 109 121
4792 mouse 105 121
4793 mouse 102 121
4794 mouse 101 121
4867 a 1
4873 a 0
4878 b 1
4882 b 0
4885 mouse 102 122
4886 mouse 104 130
4887 mouse 106 150
4888 mouse 108 181
4889 mouse 109 211
4890 mouse 111 224
4891 mouse 113 224
4892 mouse 114 224
4893 mouse 112 224
4894 mouse 109 224
4895 mouse 106 224
4896 mouse 105 224
4898 mouse 105 221
4899 mouse 105 213
4900 mouse 106 199
4901 mouse 107 179
4902 mouse 107 160
4903 mouse 106 150
4904 mouse 105 143
4905 mouse 104 139
4906 mouse 104 138
4907 mouse 104 137
4910 mouse 104 136
4911 mouse 103 134
4912 mouse 103 132
4913 mouse 103 131
4914 mouse 103 130
4915 mouse 103 129
4916 mouse 103 128
4917 mouse 103 126
4918 mouse 103 122
4919 mouse 103 120
4920 mouse 102 119
4921 mouse 102 118
4922 mouse 102 117
4924 mouse 102 116
4926 mouse 102 115
4942 mouse 102 114
4950 mouse 102 113
4951 mouse 101 113
4985 mouse 108 112
4986 mouse 130 110
4987 mouse 160 105
4988 mouse 191 98
4989 mouse 223 92
4990 mouse 259 87
4991 mouse 296 80
4992 mouse 319 73
4993 mouse 319 66
4994 mouse 319 60
4995 mouse 319 56
4996 mouse 319 53
4997 mouse 319 52
4998 mouse 318 52
4999 mouse 309 52
5000 mouse 294 53
5001 mouse 275 55
5002 mouse 254 59
5003 mouse 234 63
5004 mouse 221 65
5005 mouse 213 67
5006 mouse 211 67
5008 mouse 212 67
5009 mouse 214 66
5010 mouse 218 64
5011 mouse 223 60
5012 mouse 228 55
5013 mouse 230 52
5014 mouse 231 50
5015 mouse 232 49
5016 mouse 233 45
5017 mouse 234 43
5018 mouse 235 42
5019 mouse 235 41
5025 mouse 235 40
5027 mouse 236 40
5032 mouse 236 39
5033 mouse 238 39
5035 mouse 238 38
5038 a 1
5044 a 0
5050 mouse 235 37
5051 mouse 229 31
5052 mouse 215 10
5053 mouse 197 0
5054 mouse 177 0
5055 mouse 160 0
5056 mouse 150 0
5057 mouse 146 0
5058 mouse 144 0
5059 mouse 143 0
5064 mouse 142 1
5065 mouse 141 1
5066 mouse 140 4
5067 mouse 134 11
5068 mouse 124 23
5069 mouse 114 35
5070 mouse 101 45
5071 mouse 90 53
5072 mouse 82 59
5073 mouse 76 65
5074 mouse 72 68
5075 mouse 70 70
5082 mouse 69 70
5083 mouse 68 71
5084 mouse 65 74
5085 mouse 61 80
5086 mouse 58 86
5087 mouse 54 91
5088 mouse 52 93
5089 mouse 52 94
5090 a 1
5095 a 0
5106 mouse 52 93
5116 mouse 92 93
5135 mouse 91 93
5136 mouse 90 93
5137 mouse 87 93
5138 mouse 84 93
5139 mouse 81 93
5140 mouse 78 94
5141 mouse 77 94
5142 mouse 76 94
5143 mouse 75 94
5144 mouse 75 93
5145 mouse 73 90
5146 mouse 69 85
5147 mouse 63 80
5148 mouse 56 75
5149 mouse 51 73
5150 mouse 49 72
5152 mouse 50 72
5153 mouse 52 73
5154 mouse 56 74
5155 mouse 61 76
5156 mouse 66 76
5160 mouse 67 77
5161 mouse 69 78
5162 mouse 72 79
5163 mouse 73 80
5164 mouse 75 81
5165 mouse 76 81
5166 mouse 77 81
5168 mouse 78 81
5169 mouse 78 82
5170 mouse 79 82
5174 a 1
5179 a 0
5184 mouse 80 82
5185 mouse 81 82
5186 mouse 83 81
5188 mouse 84 81
5190 mouse 85 82
5191 mouse 87 85
5192 mouse 88 86
5200 mouse 48 86
5211 mouse 47 86
5212 mouse 46 88
5216 mouse 47 87
5217 mouse 48 83
5218 mouse 50 80
5219 mouse 51 75
5220 mouse 53 71
5221 mouse 53 70
5236 mouse 54 70
5237 mouse 54 69
5238 mouse 55 68
5239 mouse 56 64
5240 mouse 57 60
5241 mouse 59 55
5242 mouse 60 50
5243 mouse 61 43
5244 mouse 61 39
5249 mouse 61 41
5250 mouse 62 45
5251 mouse 64 50
5252 mouse 65 54
5253 mouse 66 56
5254 mouse 66 59
5255 mouse 67 62
5256 mouse 66 64
5257 mouse 64 65
5258 mouse 63 63
5259 mouse 62 61
5260 mouse 60 57
5261 mouse 57 53
5262 mouse 55 47
5263 mouse 57 38
5264 mouse 64 24
5265 mouse 75 3
5266 mouse 83 0
5267 mouse 86 0
5268 mouse 87 0
5270 mouse 85 0
5271 mouse 82 0
5272 mouse 80 0
5273 mouse 79 0
5281 mouse 78 0
5290 mouse 76 2
5291 mouse 73 5
5292 mouse 71 7
5293 mouse 66 11
5294 mouse 62 16
5295 mouse 58 22
5296 mouse 54 30
5297 mouse 51 41
5298 mouse 51 51
5299 mouse 51 62
5300 mouse 52 70
5301 mouse 53 76
5302 mouse 55 82
5303 mouse 56 85
5304 mouse 57 87
5305 mouse 57 88
5307 mouse 57 89
5308 mouse 57 90
5309 mouse 58 93
5310 mouse 60 96
5311 mouse 62 99
5312 mouse 64 101
5313 mouse 64 102
5314 mouse 65 103
5315 mouse 65 104
5317 mouse 65 105
5318 mouse 65 106
5320 mouse 66 106
5322 mouse 66 107
5323 a 1
5329 a 0
5330 mouse 72 109
5331 mouse 78 110
5332 mouse 85 111
5333 mouse 91 112
5334 mouse 95 112
5335 mouse 99 113
5336 mouse 101 113
5339 mouse 102 112
5342 mouse 103 112
5345 mouse 103 111
5346 a 1
5352 a 0
5372 mouse 102 111
5374 mouse 102 112
5377 mouse 101 112
5378 mouse 100 112
5379 mouse 99 112
5381 mouse 98 112
5386 mouse 97 112
5395 mouse 96 112
5397 mouse 95 112
5398 mouse 94 112
5399 mouse 93 111
5400 mouse 91 111
5401 mouse 90 111
5410 a 1
5416 a 0
5421 mouse 89 111
5423 mouse 88 111
5424 mouse 87 111
5425 mouse 85 111
5426 mouse 81 111
5427 mouse 77 111
5428 mouse 72 111
5429 mouse 68 111
5430 mouse 66 111
5431 mouse 65 111
5439 a 1
5445 a 0
5451 mouse 66 112
5457 mouse 67 112
5458 mouse 67 113
5461 mouse 68 113
5462 mouse 69 113
5463 mouse 74 113
5464 mouse 78 113
5465 mouse 80 113
5471 mouse 80 114
5472 mouse 79 114
5473 mouse 79 115
5474 mouse 79 119
5475 mouse 79 130
5476 mouse 81 154
5477 mouse 84 186
5478 mouse 87 222
5479 mouse 91 224
5480 mouse 96 224
5481 mouse 102 224
5482 mouse 107 224
5483 mouse 111 224
5484 mouse 113 224
5485 mouse 114 224
5503 mouse 114 223
5504 mouse 115 220
5505 mouse 116 213
5506 mouse 116 200
5507 mouse 118 183
5508 mouse 123 170
5509 mouse 126 161
5510 mouse 129 153
5511 mouse 131 145
5512 mouse 133 139
5513 mouse 135 133
5514 mouse 136 127
5515 mouse 136 122
5516 mouse 135 119
5517 mouse 134 115
5518 mouse 132 113
5519 mouse 131 112
5521 mouse 131 113
5522 mouse 130 116
5523 mouse 127 120
5524 mouse 126 123
5525 mouse 125 123
5526 mouse 125 124
5527 mouse 125 125
5528 mouse 124 128
5529 mouse 123 130
5533 mouse 122 127
5534 mouse 119 120
5535 mouse 113 108
5536 mouse 105 94
5537 mouse 96 81
5538 mouse 86 71
5539 mouse 78 66
5540 mouse 75 65
5543 mouse 75 66
5544 mouse 75 69
5545 mouse 73 73
5546 mouse 70 77
5547 mouse 69 77
5551 mouse 68 77
5552 mouse 67 76
5553 mouse 64 73
5554 mouse 61 67
5555 mouse 58 61
5556 mouse 55 57
5557 mouse 54 56
5559 mouse 54 55
5561 mouse 54 54
5562 mouse 53 53
5563 mouse 53 52
5564 mouse 53 51
5565 mouse 52 51
5566 mouse 52 50
5567 mouse 50 50
5568 mouse 49 49
5569 mouse 48 49
5570 mouse 47 48
5571 mouse 45 47
5572 mouse 42 46
5573 mouse 40 45
5574 mouse 38 43
5575 mouse 37 42
5576 mouse 36 41
5577 mouse 35 41
5602 mouse 36 41
5603 mouse 41 43
5604 mouse 51 48
5605 mouse 62 58
5606 mouse 70 68
5607 mouse 75 79
5608 mouse 79 96
5609 mouse 80 110
5610 mouse 79 122
5611 mouse 77 133
5612 mouse 76 140
5613 mouse 76 142
5616 mouse 75 142
5617 mouse 75 141
5618 mouse 74 140
5620 mouse 73 140
5626 mouse 74 140
5627 mouse 74 141
5629 mouse 73 143
5630 mouse 70 145
5631 mouse 64 147
5632 mouse 56 149
5633 mouse 43 150
5634 mouse 29 151
5635 mouse 17 151
5636 mouse 8 151
5637 mouse 2 151
5638 mouse 1 151
5649 mouse -1 151
5650 mouse -2 151
5652 mouse -3 151
5653 mouse -5 151
5654 mouse -7 151
5655 mouse -10 152
5656 mouse -11 152
5657 mouse -12 152
5658 mouse -13 152
5662 a 1
5668 a 0
5674 mouse -12 152
5675 mouse -11 152
5676 mouse -9 153
5677 mouse -6 154
5678 mouse -4 155
5679 mouse -3 155
5680 mouse -2 156
5681 mouse -1 156
5683 mouse 0 156
5689 mouse 1 156
5690 mouse 3 156
5691 mouse 6 156
5692 mouse 12 155
5693 mouse 21 152
5694 mouse 30 147
5695 mouse 38 141
5696 mouse 45 135
5697 mouse 50 129
5698 mouse 53 126
5699 mouse 54 125
5702 a 1
5708 a 0
5728 mouse 94 125
5750 mouse 95 125
5758 mouse 95 124
5760 mouse 96 123
5761 mouse 98 120
5762 mouse 100 118
5763 mouse 101 115
5764 mouse 102 109
5765 mouse 104 102
5766 mouse 106 96
5767 mouse 107 92
5768 mouse 108 89
5769 mouse 109 86
5770 mouse 109 83
5771 mouse 109 82
5773 mouse 110 82
5774 mouse 110 81
5776 mouse 110 80
5783 mouse 111 82
5784 mouse 112 85
5785 mouse 114 88
5786 mouse 114 90
5794 mouse 114 89
5795 mouse 115 89
5797 mouse 115 88
5803 a 1
5809 a 0
5817 mouse 115 87
5818 mouse 117 82
5819 mouse 121 73
5820 mouse 127 60
5821 mouse 134 42
5822 mouse 139 22
5823 mouse 143 0
5824 mouse 145 0
5825 mouse 144 0
5826 mouse 142 0
5827 mouse 138 0
5828 mouse 133 0
5829 mouse 88 0
5830 mouse 83 0
5834 mouse 82 1
5835 mouse 82 3
5836 mouse 81 7
5837 mouse 80 13
5838 mouse 79 24
5839 mouse 79 28
5849 mouse 79 26
5851 mouse 79 25
5852 mouse 79 24
5853 mouse 80 22
5854 mouse 80 20
5855 mouse 82 15
5856 mouse 84 7
5857 mouse 86 0
5858 mouse 88 0
5859 mouse 89 0
5860 mouse 90 0
5861 mouse 91 0
5862 mouse 92 0
5863 mouse 93 0
5864 mouse 94 0
5866 mouse 95 0
5872 mouse 96 1
5873 mouse 96 4
5874 mouse 97 10
5875 mouse 98 16
5876 mouse 98 22
5877 mouse 98 26
5878 mouse 98 27
5880 mouse 98 26
5881 mouse 99 21
5882 mouse 99 13
5883 mouse 98 0
5884 mouse 96 0
5888 mouse 97 0
5890 mouse 98 0
5896 mouse 99 0
5909 mouse 100 10
5910 mouse 99 25
5911 mouse 98 44
5912 mouse 96 62
5913 mouse 93 79
5914 mouse 90 91
5915 mouse 88 99
5916 mouse 86 102
5917 mouse 85 104
5918 mouse 83 106
5919 mouse 78 108
5920 mouse 69 113
5921 mouse 58 118
5922 mouse 47 125
5923 mouse 38 132
5924 mouse 30 139
5925 mouse 23 146
5926 mouse 19 150
5927 mouse 18 152
5928 mouse 17 153
5929 mouse 16 155
5930 mouse 15 160
5931 mouse 13 164
5932 mouse 11 168
5933 mouse 10 169
5934 mouse 9 171
5935 mouse 8 174
5936 mouse 8 176
5937 mouse 7 177
5938 mouse 7 178
5939 mouse 7 179
5941 mouse 7 180
5942 a 1
5947 a 0
5947 mouse 7 179
5948 mouse 8 176
5949 mouse 11 171
5950 mouse 18 161
5951 mouse 28 146
5952 mouse 41 129
5953 mouse 56 113
5954 mouse 64 106
5955 mouse 65 105
5956 a 1
5963 a 0
5971 mouse 64 106
5972 mouse 61 110
5973 mouse 58 115
5974 mouse 53 122
5975 mouse 48 129
5976 mouse 40 138
5977 mouse 34 146
5978 mouse 27 154
5979 mouse 23 159
5980 mouse 19 165
5981 mouse 15 170
5982 mouse 12 175
5983 mouse 9 179
5984 mouse 6 183
5985 mouse 4 186
5986 mouse 3 188
5987 mouse 3 189
6002 mouse 3 188
6003 mouse 4 187
6004 mouse 5 185
6005 mouse 8 183
6006 mouse 10 180
6007 mouse 13 176
6008 mouse 17 172
6009 mouse 19 170
6010 mouse 20 169
6011 mouse 20 168
6012 mouse 21 167
6013 mouse 22 166
6014 mouse 22 165
6015 mouse 23 164
6017 mouse 24 163
6018 mouse 26 161
6019 mouse 28 159
6020 mouse 30 156
6021 mouse 31 154
6022 mouse 32 154
6023 mouse 32 153
6034 a 1
6040 a 0
6044 mouse 32 154
6045 mouse 31 154
6047 mouse 31 155
6049 mouse 30 156
6050 mouse 29 158
6051 mouse 26 162
6052 mouse 23 166
6053 mouse 20 168
6054 mouse 19 169
6055 mouse 18 170
6056 mouse 18 171
6057 mouse 16 173
6058 mouse 15 174
6060 mouse 15 175
6062 mouse 14 175
6065 mouse 13 176
6066 mouse 13 177
6067 mouse 12 178
6068 mouse 11 179
6069 mouse 10 181
6070 mouse 9 182
6071 mouse 9 183
6073 mouse 8 184
6075 mouse 8 185
6077 mouse 8 186
6081 mouse 8 187
6086 mouse 8 188
6089 mouse 9 189
6092 mouse 9 190
6101 a 1
6107 a 0
6111 mouse 10 190
6113 mouse 11 191
6114 mouse 14 194
6115 mouse 18 197
6116 mouse 23 200
6117 mouse 28 203
6118 mouse 31 205
6119 mouse 33 206
6120 mouse 33 208
6121 mouse 35 210
6122 mouse 36 214
6123 mouse 37 217
6124 mouse 37 219
6125 mouse 38 219
6127 mouse 37 219
6128 mouse 37 216
6129 mouse 37 212
6130 mouse 38 202
6131 mouse 39 184
6132 mouse 39 173
6133 mouse 38 169
6134 mouse 36 167
6135 mouse 35 166
6136 mouse 34 166
6139 mouse 33 165
6140 mouse 30 164
6141 mouse 26 163
6142 mouse 24 162
6145 mouse 22 160
6146 mouse 20 159
6147 mouse 16 156
6148 mouse 12 152
6149 mouse 9 149
6150 mouse 8 148
6151 mouse 6 147
6152 mouse 5 146
6155 a 1
6157 mouse 5 145
6158 mouse 5 144
6159 a 0
6159 mouse 5 143
6160 mouse 5 142
6161 mouse 4 137
6162 mouse 6 130
6163 mouse 12 115
6164 mouse 17 95
6165 mouse 25 71
6166 mouse 30 48
6167 mouse 34 29
6168 mouse 38 18
6169 mouse 40 14
6178 a 1
6178 mouse 40 18
6179 mouse 40 23
6180 mouse 39 28
6181 a 0
6181 mouse 39 33
6182 mouse 39 38
6183 mouse 40 42
6184 mouse 40 45
6185 mouse 41 49
6186 mouse 42 52
6187 mouse 42 54
6188 mouse 42 55
6189 mouse 41 56
6190 mouse 41 59
6191 mouse 40 65
6192 mouse 38 74
6193 mouse 35 86
6194 mouse 32 103
6195 mouse 28 122
6196 mouse 21 144
6197 mouse 14 169
6198 mouse 10 192
6199 mouse 10 202
6200 mouse 9 203
6202 mouse 10 203
6203 mouse 10 201
6204 mouse 11 199
6205 mouse 11 196
6209 mouse 10 194
6210 mouse 10 192
6211 mouse 10 188
6212 mouse 11 180
6213 mouse 12 173
6214 mouse 13 170
6215 a 1
6222 a 0
6222 mouse 13 171
6223 mouse 12 172
6224 mouse 12 176
6225 mouse 10 183
6226 mouse 6 191
6227 mouse 5 199
6228 mouse 5 200
6231 a 1
6236 a 0
6240 mouse 4 199
6243 mouse 4 198
6244 mouse 4 197
6245 mouse 5 195
6246 mouse 5 190
6247 mouse 6 184
6248 mouse 6 179
6249 mouse 7 175
6250 mouse 7 170
6251 mouse 8 166
6252 mouse 8 164
6253 mouse 8 163
6255 mouse 8 162
6256 mouse 8 160
6257 a 1
6257 mouse 7 157
6258 mouse 7 155
6263 mouse 7 156
6264 a 0
6264 mouse 7 157
6265 mouse 6 160
6266 mouse 7 169
6267 mouse 8 177
6268 mouse 8 180
6269 mouse 9 182
6271 a 1
6274 mouse 8 182
6277 a 0
6277 mouse 8 181
6279 mouse 8 178
6280 mouse 8 174
6281 mouse 8 168
6282 mouse 8 164
6283 mouse 8 162
6286 mouse 8 161
6288 mouse 8 160
6291 a 1
6296 mouse 8 159
6297 a 0
6297 mouse 9 157
6298 mouse 13 150
6299 mouse 19 138
6300 mouse 25 125
6301 mouse 28 115
6302 mouse 30 107
6303 mouse 30 100
6304 mouse 31 98
6305 mouse 31 97
6308 mouse 31 96
6309 mouse 32 95
6310 mouse 33 94
6311 mouse 33 93
6312 a 1
6318 a 0
6321 mouse 33 94
6322 mouse 31 94
6323 mouse 28 96
6324 mouse 25 98
6325 mouse 18 100
6326 mouse 15 101
6327 mouse -2 107
6328 mouse -10 110
6329 mouse -15 112
6330 mouse -17 113
6332 mouse -18 113
6333 mouse -20 114
6334 mouse -26 116
6335 mouse -33 118
6336 mouse -38 120
6337 mouse -42 123
6338 mouse -43 124
6339 mouse -43 126
6340 mouse -43 127
6341 mouse -43 128
6342 mouse -43 130
6343 mouse -45 133
6344 mouse -49 139
6345 mouse -52 142
6346 mouse -54 144
6347 mouse -54 145
6348 mouse -55 145
6349 a 1
6349 mouse -55 147
6356 a 0
6356 mouse -54 145
6357 mouse -51 143
6358 mouse -44 140
6359 mouse -34 137
6360 mouse -27 134
6361 mouse -22 132
6362 mouse -17 130
6363 mouse -11 128
6364 mouse -3 124
6365 mouse 7 118
6366 mouse 18 114
6367 mouse 24 112
6370 mouse 26 112
6371 mouse 32 111
6372 mouse 40 107
6373 mouse 47 102
6374 mouse 51 98
6375 mouse 52 96
6382 a 1
6384 mouse 51 96
6388 a 0
6396 mouse 51 97
6397 mouse 50 98
6398 mouse 48 101
6399 mouse 44 105
6400 mouse 40 109
6401 mouse 37 112
6402 mouse 36 112
6405 mouse 35 113
6406 mouse 31 115
6407 mouse 27 117
6408 mouse 24 119
6409 mouse 23 119
6410 mouse 23 120
6412 mouse 22 121
6413 mouse 22 122
6415 mouse 21 123
6419 a 1
6423 mouse 22 122
6424 a 0
6424 mouse 23 120
6425 mouse 25 117
6426 mouse 25 116
6429 mouse 26 115
6430 mouse 27 115
6431 mouse 29 112
6432 mouse 33 107
6433 mouse 38 102
6434 mouse 40 99
6436 mouse 40 98
6438 mouse 41 98
6440 mouse 42 98
6441 mouse 43 98
6442 mouse 43 97
6443 mouse 44 97
6444 mouse 45 95
6446 mouse 46 94
6449 mouse 47 94
6452 mouse 48 94
6453 a 1
6460 a 0
6471 mouse 49 95
6472 mouse 50 95
6473 mouse 52 96
6474 mouse 54 97
6475 mouse 58 99
6476 mouse 63 105
6477 mouse 70 116
6478 mouse 80 140
6479 mouse 94 172
6480 mouse 107 205
6481 mouse 116 224
6482 mouse 120 224
6483 mouse 123 224
6485 mouse 124 224
6492 mouse 123 224
6503 mouse 123 223
6504 mouse 121 220
6505 mouse 117 214
6506 mouse 112 207
6507 mouse 107 201
6508 mouse 104 196
6509 mouse 99 192
6510 mouse 96 190
6511 mouse 92 190
6512 mouse 89 190
6513 mouse 84 193
6514 mouse 79 197
6515 mouse 73 201
6516 mouse 70 205
6517 mouse 67 208
6518 mouse 64 210
6519 mouse 64 209
6520 mouse 63 208
6521 mouse 62 205
6522 mouse 59 202
6523 mouse 55 195
6524 mouse 50 188
6525 mouse 49 187
6526 mouse 50 186
6527 mouse 58 185
6528 mouse 71 183
6529 mouse 83 182
6530 mouse 91 182
6536 mouse 92 182
6537 mouse 92 183
6540 mouse 93 183
6548 a 1
6550 mouse 94 183
6554 a 0
6555 mouse 95 183
6558 mouse 96 183
6565 mouse 95 182
6569 mouse 94 183
6570 mouse 93 185
6571 mouse 93 187
6572 mouse 91 188
6573 mouse 87 191
6574 mouse 82 194
6575 mouse 76 196
6576 mouse 73 196
6587 a 1
6590 a 0
6616 mouse 113 196
6625 mouse 114 196
6630 mouse 114 195
6632 mouse 115 194
6633 mouse 115 193
6634 mouse 116 192
6635 mouse 117 190
6636 mouse 120 180
6637 mouse 123 163
6638 mouse 122 144
6639 mouse 120 131
6640 mouse 116 120
6641 mouse 110 110
6642 mouse 103 100
6643 mouse 96 91
6644 mouse 92 84
6645 mouse 91 79
6646 mouse 89 74
6647 mouse 89 71
6648 mouse 88 69
6649 mouse 88 68
6650 mouse 88 67
6653 mouse 91 68
6654 mouse 97 72
6655 mouse 104 75
6656 mouse 112 80
6657 mouse 118 85
6658 mouse 121 89
6659 mouse 123 93
6660 mouse 125 95
6670 mouse 124 94
6671 mouse 124 93
6672 mouse 122 90
6673 mouse 121 86
6674 mouse 120 83
6675 mouse 120 81
6688 a 1
6694 a 0
6714 mouse 80 81
6756 mouse 79 82
6757 mouse 79 83
6768 mouse 80 83
6776 mouse 81 83
6782 mouse 82 81
6783 mouse 83 76
6784 mouse 85 65
6785 mouse 86 49
6786 mouse 87 28
6787 mouse 88 6
6788 mouse 86 0
6789 mouse 85 0
6790 mouse 84 0
6791 mouse 82 0
6792 mouse 81 0
6793 mouse 80 0
6794 mouse 79 0
6799 mouse 79 1
6800 mouse 81 9
6801 mouse 82 21
6802 mouse 82 33
6803 mouse 84 45
6804 mouse 85 53
6805 mouse 86 58
6806 mouse 86 59
6811 mouse 86 58
6812 mouse 85 56
6813 mouse 85 55
6818 mouse 86 56
6819 mouse 90 61
6820 mouse 92 65
6821 mouse 94 68
6822 mouse 95 71
6823 mouse 95 72
6824 mouse 96 72
6829 mouse 96 73
6830 mouse 96 74
6831 mouse 96 75
6832 mouse 97 75
6854 mouse 97 76
6855 mouse 97 77
6856 mouse 97 78
6857 mouse 97 80
6858 mouse 98 83
6859 mouse 98 88
6860 mouse 98 92
6861 mouse 98 97
6862 mouse 98 101
6863 mouse 97 105
6864 mouse 97 106
6865 mouse 96 107
6867 mouse 96 108
6868 mouse 93 110
6869 mouse 89 113
6870 mouse 85 116
6871 mouse 83 119
6872 mouse 82 122
6873 mouse 82 123
6874 mouse 81 124
6875 mouse 81 125
6877 a 1
6883 a 0
6897 b 1
6903 b 0
6922 mouse 81 124
6923 mouse 83 119
6924 mouse 85 104
6925 mouse 88 75
6926 mouse 89 42
6927 mouse 89 12
6928 mouse 89 0
6930 mouse 91 0
6933 mouse 94 5
6934 mouse 98 14
6935 mouse 103 23
6936 mouse 105 29
6937 mouse 107 34
6938 mouse 108 39
6939 mouse 109 43
6940 mouse 110 46
6941 mouse 112 48
6942 mouse 112 50
6943 mouse 113 51
6952 mouse 113 50
6968 a 1
6973 a 0
6979 mouse 114 50
6980 mouse 116 55
6981 mouse 119 67
6982 mouse 124 84
6983 mouse 131 104
6984 mouse 138 130
6985 mouse 143 168
6986 mouse 147 205
6987 mouse 151 224
6988 mouse 154 224
6989 mouse 157 224
6990 mouse 159 224
6991 mouse 161 224
6995 mouse 160 224
6997 mouse 159 224
6998 mouse 158 224
6999 mouse 157 224
7000 mouse 156 224
7001 mouse 155 224
7004 mouse 154 224
7012 mouse 153 224
7021 mouse 152 223
7022 mouse 149 219
7023 mouse 143 212
7024 mouse 136 202
7025 mouse 128 187
7026 mouse 119 173
7027 mouse 109 163
7028 mouse 100 158
7029 mouse 94 154
7030 mouse 91 152
7031 mouse 88 149
7032 mouse 86 147
7033 mouse 86 144
7034 mouse 85 142
7035 mouse 84 139
7036 mouse 83 136
7037 mouse 82 133
7038 mouse 81 130
7039 mouse 81 129
7040 mouse 81 128
7044 a 1
7049 a 0
7053 mouse 82 128
7054 mouse 84 130
7055 mouse 89 133
7056 mouse 95 136
7057 mouse 104 140
7058 mouse 113 143
7059 mouse 117 144
7060 mouse 118 145
7070 mouse 117 144
7071 mouse 113 143
7072 mouse 111 142
7073 mouse 108 141
7074 mouse 105 140
7075 mouse 101 138
7076 mouse 99 135
7077 mouse 99 130
7078 mouse 99 122
7079 mouse 101 102
7080 mouse 105 81
7081 mouse 108 51
7082 mouse 109 22
7083 mouse 108 1
7084 mouse 107 0
7085 mouse 106 0
7086 mouse 105 0
7087 mouse 104 0
7088 mouse 103 0
7095 mouse 102 0
7099 mouse 103 0
7102 mouse 102 0
7104 mouse 101 0
7105 mouse 100 0
7110 mouse 102 2
7111 mouse 104 11
7112 mouse 106 25
7113 mouse 108 44
7114 mouse 111 65
7115 mouse 114 94
7116 mouse 117 130
7117 mouse 119 162
7118 mouse 120 199
7119 mouse 121 224
7120 mouse 123 224
7121 mouse 124 224
7124 mouse 123 224
7125 mouse 122 224
7139 mouse 123 224
7141 mouse 124 224
7142 mouse 125 224
7143 mouse 127 224
7144 mouse 131 224
7145 mouse 135 224
7146 mouse 140 224
7147 mouse 146 224
7148 mouse 155 224
7149 mouse 163 224
7150 mouse 172 224
7151 mouse 177 224
7152 mouse 182 224
7153 mouse 189 224
7154 mouse 196 224
7155 mouse 208 224
7156 mouse 220 224
7157 mouse 237 224
7158 mouse 258 224
7159 mouse 284 223
7160 mouse 319 218
7161 mouse 319 214
7162 mouse 319 209
7163 mouse 319 204
7164 mouse 319 198
7165 mouse 319 191
7166 mouse 319 182
7167 mouse 319 176
7168 mouse 319 174
7169 mouse 319 173
7172 mouse 319 171
7173 mouse 318 170
7174 mouse 315 169
7175 mouse 310 168
7176 mouse 300 167
7177 mouse 283 165
7178 mouse 259 161
7179 mouse 229 157
7180 mouse 206 155
7181 mouse 187 152
7182 mouse 178 151
7183 mouse 175 150
7184 mouse 174 150
7185 mouse 173 150
7186 mouse 173 149
7187 mouse 168 148
7188 mouse 160 145
7189 mouse 151 141
7190 mouse 134 133
7191 mouse 111 118
7192 mouse 86 99
7193 mouse 54 77
7194 mouse 22 58
7195 mouse -13 36
7196 mouse -45 15
7197 mouse -75 0
7198 mouse -80 0
7206 mouse -75 2
7207 mouse -69 10
7208 mouse -58 22
7209 mouse -41 41
7210 mouse -22 59
7211 mouse -1 74
7212 mouse 15 83
7213 mouse 26 87
7214 mouse 28 88
7217 mouse 26 86
7218 mouse 20 78
7219 mouse 12 63
7220 mouse 3 42
7221 mouse -7 15
7222 mouse -18 0
7223 mouse -28 0
7224 mouse -33 0
7225 mouse -35 0
7227 mouse -33 0
7228 mouse -31 0
7229 mouse -30 0
7230 mouse -27 0
7231 mouse -25 0
7232 mouse -22 0
7233 mouse -18 0
7234 mouse -14 0
7235 mouse -8 0
7236 mouse -4 0
7237 mouse 0 0
7238 mouse 3 0
7239 mouse 5 0
7242 mouse 7 4
7243 mouse 12 19
7244 mouse 18 39
7245 mouse 25 65
7246 mouse 30 89
7247 mouse 33 109
7248 mouse 36 125
7249 mouse 38 138
7250 mouse 40 152
7251 mouse 43 174
7252 mouse 47 207
7253 mouse 53 224
7254 mouse 57 224
7255 mouse 61 224
7256 mouse 68 224
7257 mouse 74 224
7258 mouse 80 224
7259 mouse 84 224
7260 mouse 85 224
7264 mouse 85 223
7265 mouse 85 220
7266 mouse 87 212
7267 mouse 89 200
7268 mouse 92 182
7269 mouse 95 164
7270 mouse 97 146
7271 mouse 97 126
7272 mouse 95 106
7273 mouse 92 91
7274 mouse 90 75
7275 mouse 88 59
7276 mouse 84 42
7277 mouse 79 26
7278 mouse 72 12
7279 mouse 65 0
7280 mouse 57 0
7281 mouse 49 0
7282 mouse 42 0
7283 mouse 38 0
7284 mouse 36 0
7286 mouse 37 0
7287 mouse 39 0
7288 mouse 40 0
7289 mouse 42 0
7290 mouse 43 0
7291 mouse 46 0
7292 mouse 48 0
7293 mouse 49 0
7299 mouse 52 6
7300 mouse 56 23
7301 mouse 58 45
7302 mouse 58 63
7303 mouse 60 74
7304 mouse 62 78
7308 mouse 62 74
7309 mouse 60 61
7310 mouse 57 41
7311 mouse 55 20
7312 mouse 55 0
7313 mouse 54 0
7314 mouse 55 0
7315 mouse 56 0
7319 mouse 55 0
7327 mouse 56 1
7328 mouse 59 14
7329 mouse 64 32
7330 mouse 69 51
7331 mouse 70 61
7332 mouse 70 65
7333 mouse 70 66
7337 mouse 69 66
7338 mouse 69 65
7339 mouse 68 64
7343 mouse 69 68
7344 mouse 73 88
7345 mouse 80 122
7346 mouse 88 165
7347 mouse 97 208
7348 mouse 109 224
7349 mouse 118 224
7350 mouse 124 224
7351 mouse 128 224
7352 mouse 131 224
7353 mouse 133 224
7355 mouse 132 224
7357 mouse 131 224
7363 mouse 132 224
7366 mouse 133 224
7368 mouse 135 224
7369 mouse 137 224
7370 mouse 141 224
7371 mouse 148 224
7372 mouse 162 224
7373 mouse 182 224
7374 mouse 210 224
7375 mouse 242 224
7376 mouse 267 224
7377 mouse 290 224
7378 mouse 306 224
7379 mouse 318 224
7380 mouse 319 224
7387 mouse 319 223
7388 mouse 317 221
7389 mouse 312 215
7390 mouse 301 207
7391 mouse 284 200
7392 mouse 269 193
7393 mouse 258 190
7394 mouse 250 188
7395 mouse 245 187
7396 mouse 244 187
7399 mouse 243 190
7400 mouse 241 192
7401 mouse 239 193
7402 mouse 236 193
7403 mouse 232 192
7404 mouse 225 189
7405 mouse 216 187
7406 mouse 211 186
7407 mouse 206 185
7408 mouse 202 185
7409 mouse 200 185
7410 mouse 199 186
7411 mouse 198 186
7412 mouse 196 186
7413 mouse 191 184
7414 mouse 185 182
7415 mouse 173 177
7416 mouse 163 174
7417 mouse 158 172
7418 mouse 155 171
7419 mouse 154 171
7420 mouse 153 171
7421 mouse 153 170
7423 mouse 152 170
7427 mouse 151 170
7428 mouse 150 170
7432 mouse 149 170
7433 mouse 148 171
7434 mouse 145 171
7435 mouse 144 172
7436 mouse 143 172
7438 mouse 143 171
7439 mouse 144 171
7452 mouse 143 170
7453 mouse 139 167
7454 mouse 136 166
7455 mouse 134 166
7456 mouse 132 165
7457 mouse 131 164
7458 mouse 129 163
7459 mouse 129 162
7462 mouse 128 161
7463 mouse 127 161
7464 mouse 127 160
7469 mouse 126 160
7472 mouse 125 160
7474 mouse 125 159
7475 mouse 124 159
7480 a 1
7482 mouse 123 159
7487 a 0
7496 b 1
7503 b 0
7528 mouse 122 159
7529 mouse 121 158
7530 mouse 118 159
7531 mouse 115 164
7532 mouse 110 173
7533 mouse 101 193
7534 mouse 92 212
7535 mouse 80 224
7536 mouse 71 224
7537 mouse 66 224
7538 mouse 62 224
7540 mouse 63 224
7544 mouse 64 222
7545 mouse 65 220
7546 mouse 66 216
7547 mouse 68 211
7548 mouse 68 200
7549 mouse 64 183
7550 mouse 58 170
7551 mouse 51 158
7552 mouse 46 149
7553 mouse 39 138
7554 mouse 32 130
7555 mouse 23 116
7556 mouse 11 100
7557 mouse -7 78
7558 mouse -31 55
7559 mouse -60 26
7560 mouse -80 0
7566 mouse -77 0
7567 mouse -74 0
7568 mouse -70 0
7569 mouse -66 0
7570 mouse -62 0
7571 mouse -58 0
7572 mouse -54 0
7573 mouse -51 0
7574 mouse -50 0
7576 mouse -48 0
7577 mouse -46 0
7578 mouse -44 0
7579 mouse -42 0
7580 mouse -39 0
7581 mouse -34 0
7582 mouse -31 0
7583 mouse -29 0
7584 mouse -27 0
7585 mouse -25 0
7586 mouse -24 0
7588 mouse -23 0
7589 mouse -22 0
7591 mouse -21 0
7592 mouse -20 0
7601 mouse -19 0
7611 mouse -16 4
7612 mouse -13 14
7613 mouse -8 28
7614 mouse -3 42
7615 mouse 1 54
7616 mouse 5 63
7617 mouse 7 69
7618 mouse 8 73
7619 mouse 9 74
7620 mouse 9 75
7623 mouse 9 74
7624 mouse 12 72
7625 mouse 16 69
7626 mouse 23 64
7627 mouse 29 58
7628 mouse 35 53
7629 mouse 42 45
7630 mouse 50 29
7631 mouse 58 6
7632 mouse 65 0
7633 mouse 71 0
7634 mouse 74 0
7635 mouse 75 0
7638 mouse 75 5
7639 mouse 78 18
7640 mouse 82 29
7641 mouse 83 36
7642 mouse 85 41
7643 mouse 85 44
7644 mouse 85 45
7648 mouse 86 43
7649 mouse 88 37
7650 mouse 91 27
7651 mouse 94 8
7652 mouse 97 0
7653 mouse 101 0
7654 mouse 103 0
7655 mouse 104 0
7656 mouse 105 0
7660 mouse 105 9
7661 mouse 108 23
7662 mouse 109 38
7663 mouse 108 50
7664 mouse 107 57
7665 mouse 106 59
7666 mouse 106 60
7675 mouse 106 64
7676 mouse 103 72
7677 mouse 100 84
7678 mouse 95 95
7679 mouse 91 103
7680 mouse 87 112
7681 mouse 84 127
7682 mouse 79 155
7683 mouse 73 201
7684 mouse 68 224
7685 mouse 67 224
7686 mouse 69 224
7687 mouse 72 224
7688 mouse 75 224
7689 mouse 77 224
7690 mouse 78 224
7691 mouse 79 224
7692 mouse 79 219
7693 mouse 80 206
7694 mouse 81 190
7695 mouse 83 170
7696 mouse 87 151
7697 mouse 91 133
7698 mouse 94 116
7699 mouse 95 101
7700 mouse 96 98
7706 mouse 95 98
7707 mouse 95 99
7708 mouse 94 101
7709 mouse 91 107
7710 mouse 86 114
7711 mouse 81 120
7712 mouse 78 125
7713 mouse 77 128
7714 mouse 77 129
7716 a 1
7721 a 0
7723 mouse 78 132
7724 mouse 82 147
7725 mouse 88 174
7726 mouse 95 211
7727 mouse 100 224
7728 mouse 107 224
7729 mouse 112 224
7730 mouse 114 224
7731 mouse 115 224
7732 mouse 116 224
7735 mouse 116 222
7736 mouse 115 214
7737 mouse 115 201
7738 mouse 117 186
7739 mouse 121 175
7740 mouse 124 168
7741 mouse 124 166
7742 mouse 125 165
7746 a 1
7746 mouse 125 166
7751 a 0
7753 mouse 125 164
7754 mouse 124 161
7755 mouse 120 153
7756 mouse 113 142
7757 mouse 103 130
7758 mouse 92 121
7759 mouse 82 112
7760 mouse 73 105
7761 mouse 68 98
7762 mouse 64 93
7763 mouse 62 90
7764 mouse 61 88
7765 mouse 61 87
7767 mouse 60 86
7768 mouse 59 84
7769 mouse 59 83
7770 mouse 58 82
7771 mouse 57 81
7772 mouse 56 80
7773 mouse 56 79
7774 mouse 56 78
7775 mouse 55 76
7776 mouse 54 72
7777 mouse 54 70
7778 mouse 53 69
7779 mouse 53 67
7781 a 1
7786 a 0
7786 mouse 52 68
7787 mouse 45 76
7788 mouse 33 90
7789 mouse 19 110
7790 mouse 7 124
7791 mouse -1 134
7792 mouse -5 141
7793 mouse -6 144
7794 mouse -7 145
7795 mouse -7 146
7799 mouse -7 147
7800 mouse -8 148
7801 mouse -9 150
7802 mouse -11 153
7803 mouse -11 155
7804 mouse -12 155
7806 mouse -11 155
7807 mouse -11 156
7808 mouse -11 158
7809 a 1
7810 mouse -10 159
7811 mouse -10 160
7813 mouse -10 161
7814 a 0
7821 mouse -10 160
7823 mouse -8 156
7824 mouse -4 144
7825 mouse 5 125
7826 mouse 16 102
7827 mouse 27 76
7828 mouse 41 42
7829 mouse 51 17
7830 mouse 58 0
7831 mouse 62 0
7832 mouse 63 0
7835 mouse 63 2
7836 mouse 63 7
7837 mouse 62 13
7838 mouse 61 19
7839 mouse 60 24
7840 mouse 59 30
7841 mouse 58 34
7842 mouse 59 36
7846 mouse 60 37
7848 mouse 63 39
7849 mouse 66 43
7850 mouse 68 46
7851 mouse 70 49
7852 mouse 70 52
7853 mouse 70 57
7854 mouse 69 66
7855 mouse 65 77
7856 mouse 56 92
7857 mouse 50 105
7858 mouse 47 113
7859 mouse 47 119
7860 mouse 51 123
7861 mouse 61 123
7862 mouse 73 116
7863 mouse 83 105
7864 mouse 89 94
7865 mouse 90 88
7866 mouse 89 86
7867 mouse 88 84
7868 mouse 86 82
7869 mouse 85 78
7870 mouse 83 72
7871 mouse 82 65
7872 mouse 80 60
7873 mouse 80 58
7874 mouse 80 57
7878 a 1
7882 a 0
7883 mouse 81 58
7884 mouse 84 62
7885 mouse 91 71
7886 mouse 100 86
7887 mouse 113 108
7888 mouse 126 128
7889 mouse 134 139
7890 mouse 140 145
7891 mouse 145 150
7892 mouse 147 153
7893 mouse 148 154
7900 mouse 151 153
7901 mouse 154 152
7902 mouse 162 151
7903 mouse 169 150
7904 mouse 174 150
7910 mouse 175 150
7915 mouse 172 153
7916 mouse 168 158
7917 mouse 163 163
7918 mouse 158 168
7919 mouse 155 172
7920 mouse 150 176
7921 mouse 146 180
7922 mouse 144 183
7931 mouse 145 182
7932 mouse 145 180
7933 mouse 146 179
7935 a 1
7940 mouse 146 178
7942 a 0
7945 mouse 146 179
7950 mouse 147 179
7957 mouse 147 178
7958 mouse 147 174
7959 mouse 145 164
7960 mouse 140 148
7961 mouse 131 123
7962 mouse 119 92
7963 mouse 105 56
7964 mouse 94 26
7965 mouse 85 0
7966 mouse 82 0
7968 mouse 83 0
7971 mouse 84 0
7972 mouse 85 1
7973 mouse 89 5
7974 mouse 93 11
7975 mouse 97 22
7976 mouse 100 37
7977 mouse 102 53
7978 mouse 103 65
7979 mouse 103 72
7980 mouse 104 76
7981 mouse 104 78
7986 mouse 103 78
7990 mouse 102 79
7991 mouse 99 86
7992 mouse 96 106
7993 mouse 95 144
7994 mouse 96 186
7995 mouse 101 224
7996 mouse 106 224
7997 mouse 112 224
7998 mouse 119 224
7999 mouse 125 224
8000 mouse 128 224
8001 mouse 129 224
8007 mouse 130 224
8010 mouse 131 224
8042 mouse 131 222
8043 mouse 132 213
8044 mouse 135 200
8059 mouse 135 198
8060 mouse 140 193
8061 mouse 146 192
8062 mouse 158 195
8063 mouse 176 205
8064 mouse 205 222
8065 mouse 237 224
8066 mouse 266 224
8067 mouse 294 224
8068 mouse 319 224
8074 mouse 318 223
8075 mouse 312 218
8076 mouse 303 212
8077 mouse 291 205
8078 mouse 278 196
8079 mouse 262 187
8080 mouse 241 177
8081 mouse 215 166
8082 mouse 194 159
8083 mouse 171 153
8084 mouse 150 149
8085 mouse 134 146
8086 mouse 121 145
8087 mouse 112 143
8088 mouse 103 141
8089 mouse 99 140
8090 mouse 96 139
8092 mouse 95 138
8093 mouse 93 136
8094 mouse 90 132
8095 mouse 86 127
8096 mouse 80 123
8097 mouse 74 118
8098 mouse 69 116
8099 mouse 64 112
8100 mouse 60 109
8101 mouse 55 105
8102 mouse 49 102
8103 mouse 44 100
8104 mouse 40 98
8105 mouse 36 96
8106 mouse 34 95
8129 mouse 34 94
8130 mouse 33 94
8144 mouse 32 93
8149 mouse 31 93
8189 a 1
8196 a 0
8204 mouse 31 92
8205 mouse 29 89
8206 mouse 23 83
8207 mouse 16 76
8208 mouse 8 70
8209 mouse 1 66
8210 mouse -6 62
8211 mouse -10 60
8212 mouse -11 59
8217 mouse -12 59
8220 a 1
8226 a 0
8248 mouse 28 59
8279 mouse 29 59
8281 mouse 30 60
8282 mouse 31 62
8283 mouse 32 65
8284 mouse 35 70
8285 mouse 37 74
8286 mouse 40 78
8287 mouse 41 80
8288 mouse 42 81
8289 mouse 43 82
8293 mouse 44 83
8300 mouse 44 82
8303 mouse 44 81
8306 a 1
8312 a 0
8332 mouse 4 81
8347 mouse 5 81
8348 mouse 6 81
8349 mouse 7 81
8350 mouse 8 81
8351 mouse 10 81
8352 mouse 12 82
8353 mouse 16 83
8354 mouse 20 84
8355 mouse 24 85
8356 mouse 27 86
8357 mouse 31 87
8358 mouse 32 87
8362 mouse 29 86
8363 mouse 24 82
8364 mouse 19 78
8365 mouse 13 77
8366 mouse 5 76
8367 mouse 2 76
8372 mouse 5 76
8373 mouse 10 76
8374 mouse 17 76
8375 mouse 24 77
8376 mouse 33 83
8377 mouse 37 87
8392 mouse 37 86
8393 mouse 36 86
8394 mouse 36 85
8396 mouse 36 83
8397 mouse 35 81
8398 mouse 33 76
8399 mouse 30 70
8400 mouse 27 59
8401 mouse 23 43
8402 mouse 17 17
8403 mouse 10 0
8404 mouse 6 0
8405 mouse 2 0
8406 mouse -3 0
8407 mouse -9 0
8408 mouse -18 0
8409 mouse -28 0
8410 mouse -37 0
8411 mouse -47 0
8412 mouse -58 0
8413 mouse -71 0
8414 mouse -80 0
8427 mouse -78 0
8428 mouse -75 0
8429 mouse -71 0
8430 mouse -65 1
8431 mouse -52 10
8432 mouse -36 27
8433 mouse -17 52
8434 mouse 6 89
8435 mouse 24 126
8436 mouse 39 163
8437 mouse 48 194
8438 mouse 55 221
8439 mouse 58 224
8440 mouse 62 224
8441 mouse 68 224
8442 mouse 72 224
8443 mouse 75 224
8444 mouse 77 224
8457 mouse 77 223
8458 mouse 76 214
8459 mouse 70 197
8460 mouse 56 171
8461 mouse 37 146
8462 mouse 15 116
8463 mouse -11 88
8464 mouse -38 62
8465 mouse -69 32
8466 mouse -80 6
8467 mouse -80 0
8472 mouse -78 0
8473 mouse -74 0
8474 mouse -71 0
8475 mouse -65 0
8476 mouse -59 0
8477 mouse -49 0
8478 mouse -41 0
8479 mouse -32 0
8480 mouse -25 0
8481 mouse -18 2
8482 mouse -7 13
8483 mouse 9 36
8484 mouse 26 71
8485 mouse 46 114
8486 mouse 71 166
8487 mouse 96 211
8488 mouse 121 224
8489 mouse 147 224
8490 mouse 167 224
8491 mouse 182 224
8492 mouse 197 224
8493 mouse 210 224
8494 mouse 221 224
8495 mouse 231 224
8496 mouse 240 224
8497 mouse 250 224
8498 mouse 263 224
8499 mouse 278 224
8500 mouse 293 224
8501 mouse 312 224
8502 mouse 319 224
8515 mouse 317 224
8516 mouse 312 224
8517 mouse 301 224
8518 mouse 283 220
8519 mouse 260 214
8520 mouse 240 210
8521 mouse 222 204
8522 mouse 203 194
8523 mouse 182 180
8524 mouse 165 171
8525 mouse 157 166
8526 mouse 153 163
8527 mouse 152 161
8528 mouse 151 160
8531 mouse 150 160
8532 mouse 149 161
8533 mouse 147 162
8534 mouse 146 162
8535 mouse 146 163
8540 mouse 144 162
8541 mouse 132 156
8542 mouse 121 151
8543 mouse 107 146
8544 mouse 91 136
8545 mouse 74 124
8546 mouse 58 112
8547 mouse 48 104
8548 mouse 43 99
8549 mouse 39 94
8550 mouse 38 91
8555 mouse 39 92
8556 mouse 40 92
8557 mouse 42 93
8558 mouse 44 93
8559 mouse 47 94
8560 mouse 50 95
8561 mouse 54 97
8562 mouse 61 99
8563 mouse 68 102
8564 mouse 72 103
8570 mouse 71 103
8571 mouse 70 102
8572 mouse 69 101
8573 mouse 68 100
8574 mouse 67 100
8576 mouse 66 100
8584 a 1
8586 mouse 66 101
8588 a 0
8599 b 1
8604 b 0
8607 mouse 67 102
8608 mouse 69 104
8609 mouse 70 105
8620 mouse 71 104
8621 mouse 78 101
8622 mouse 94 107
8623 mouse 119 119
8624 mouse 150 137
8625 mouse 188 159
8626 mouse 226 180
8627 mouse 264 201
8628 mouse 300 221
8629 mouse 319 224
8641 mouse 318 224
8642 mouse 311 224
8643 mouse 297 224
8644 mouse 278 222
8645 mouse 254 219
8646 mouse 229 215
8647 mouse 207 210
8648 mouse 188 204
8649 mouse 173 198
8650 mouse 164 192
8651 mouse 158 186
8652 mouse 155 180
8653 mouse 153 176
8654 mouse 151 172
8655 mouse 150 169
8656 mouse 147 165
8657 mouse 144 161
8658 mouse 140 155
8659 mouse 135 147
8660 mouse 128 137
8661 mouse 123 129
8662 mouse 119 121
8663 mouse 115 115
8664 mouse 113 112
8665 mouse 113 111
8668 mouse 112 111
8669 mouse 112 112
8670 mouse 111 112
8697 mouse 112 112
8700 mouse 113 113
8738 mouse 114 113
8740 a 1
8746 a 0
8749 b 1
8753 b 0
8776 mouse 117 113
8777 mouse 128 113
8778 mouse 152 113
8779 mouse 188 114
8780 mouse 232 114
8781 mouse 281 114
8782 mouse 319 114
8783 mouse 319 113
8784 mouse 319 110
8785 mouse 319 107
8786 mouse 319 106
8787 mouse 319 105
8790 mouse 318 105
8791 mouse 317 105
8792 mouse 315 104
8793 mouse 309 103
8794 mouse 300 103
8795 mouse 289 103
8796 mouse 276 104
8797 mouse 262 106
8798 mouse 248 107
8799 mouse 232 107
8800 mouse 218 108
8801 mouse 207 110
8802 mouse 199 111
8803 mouse 192 111
8804 mouse 187 111
8805 mouse 186 111
8809 mouse 186 112
8812 mouse 185 112
8815 mouse 185 113
8816 mouse 184 113
8817 mouse 183 113
8818 mouse 182 114
8819 mouse 181 114
8820 mouse 180 114
8821 mouse 179 114
8822 mouse 178 114
8823 mouse 176 114
8824 mouse 175 114
8826 mouse 174 114
8827 mouse 173 114
8828 mouse 171 114
8829 mouse 168 115
8830 mouse 164 115
8831 mouse 161 115
8832 mouse 158 115
8833 mouse 157 115
8834 mouse 156 114
8835 mouse 155 114
8836 mouse 153 114
8837 mouse 151 114
8839 mouse 150 114
8842 mouse 149 114
8843 mouse 148 114
8844 mouse 147 114
8845 mouse 146 114
8846 mouse 146 115
8850 mouse 145 115
8866 mouse 144 115
8867 mouse 143 115
8868 mouse 142 115
8869 mouse 141 115
8876 a 1
8879 a 0
8891 b 1
8897 b 0
8907 mouse 141 114
8908 mouse 143 114
8909 mouse 148 113
8910 mouse 155 112
8911 mouse 162 112
8912 mouse 170 112
8913 mouse 178 112
8914 mouse 184 112
8915 mouse 188 112
8923 mouse 186 111
8924 mouse 181 111
8925 mouse 175 110
8926 mouse 167 110
8927 mouse 159 110
8928 mouse 151 110
8929 mouse 144 110
8930 mouse 140 110
8931 mouse 139 110
8932 mouse 138 110
8938 mouse 136 110
8939 mouse 135 110
8940 mouse 134 110
8974 mouse 134 111
8977 mouse 134 112
8980 mouse 135 112
8982 mouse 135 113
8984 mouse 135 114
9000 mouse 134 115
9008 mouse 133 115
9057 a 1
9063 a 0
9069 b 1
9075 b 0
9089 mouse 132 115
9090 mouse 132 114
9091 mouse 130 114
9092 mouse 122 114
9093 mouse 112 114
9094 mouse 98 114
9095 mouse 83 114
9096 mouse 68 114
9097 mouse 53 114
9098 mouse 41 114
9099 mouse 31 114
9100 mouse 25 114
9101 mouse 22 114
9109 mouse 21 114
9110 mouse 20 114
9111 mouse 19 114
9112 mouse 17 115
9113 mouse 14 115
9114 mouse 11 116
9115 mouse 9 116
9116 mouse 8 116
9217 a 1
9223 a 0
9226 b 1
9232 b 0
9239 mouse 8 115
9240 mouse 8 114
9241 mouse 8 113
9242 mouse 9 112
9243 mouse 9 111
9244 mouse 10 111
9245 mouse 10 110
9246 mouse 10 109
9247 mouse 11 108
9248 mouse 12 103
9249 mouse 13 98
9250 mouse 13 93
9251 mouse 13 89
9252 mouse 13 86
9253 mouse 13 85
9255 mouse 13 84
9258 mouse 13 83
9259 mouse 12 83
9260 mouse 12 82
9262 mouse 11 82
9263 mouse 11 81
9269 mouse 11 80
9270 mouse 10 80
9271 mouse 10 79
9274 mouse 10 78
9276 mouse 10 77
9277 mouse 9 77
9278 mouse 9 76
9285 mouse 9 75
9300 mouse 9 74
9301 mouse 10 74
9306 mouse 10 73
9380 a 1
9383 a 0
9386 mouse 10 72
9388 mouse 10 71
9392 mouse 11 71
9397 mouse 11 70
9406 mouse 11 71
9407 mouse 11 76
9408 mouse 11 88
9409 mouse 10 103
9410 mouse 9 122
9411 mouse 10 133
9412 mouse 10 135
9413 b 1
9415 mouse 10 134
9417 b 0
9417 mouse 10 131
9418 mouse 10 124
9419 mouse 11 108
9420 mouse 9 80
9421 mouse 4 40
9422 mouse -2 0
9423 mouse -8 0
9424 mouse -18 0
9425 mouse -30 0
9426 mouse -38 0
9427 mouse -45 0
9428 mouse -47 0
9430 mouse -48 0
9432 mouse -49 0
9434 mouse -50 0
9435 mouse -51 0
9436 mouse -52 0
9437 mouse -53 0
9438 mouse -55 0
9439 mouse -57 0
9440 mouse -60 0
9441 mouse -64 0
9442 mouse -70 0
9443 mouse -79 0
9444 mouse -80 0
9452 mouse -76 0
9453 mouse -69 0
9454 mouse -59 0
9455 mouse -47 0
9456 mouse -33 0
9457 mouse -18 0
9458 mouse -3 0
9459 mouse 6 0
9460 mouse 11 0
9461 mouse 12 0
9469 mouse 13 0
9473 mouse 14 1
9474 mouse 18 9
9475 mouse 24 22
9476 mouse 34 38
9477 mouse 44 55
9478 mouse 54 70
9479 mouse 63 80
9480 mouse 69 86
9481 mouse 73 90
9482 mouse 76 93
9483 mouse 78 94
9486 mouse 77 93
9487 mouse 76 92
9489 mouse 76 93
9490 mouse 77 96
9491 mouse 77 99
9492 mouse 77 104
9493 mouse 78 111
9494 mouse 80 118
9495 mouse 84 125
9496 mouse 89 132
9497 mouse 91 135
9498 mouse 93 137
9499 mouse 93 138
9500 mouse 94 138
9501 mouse 93 140
9502 mouse 91 140
9503 mouse 87 141
9504 mouse 82 142
9505 mouse 78 144
9506 mouse 72 147
9507 mouse 66 149
9508 mouse 60 153
9509 mouse 56 155
9510 mouse 52 157
9511 mouse 48 159
9512 mouse 45 160
9513 mouse 44 160
9515 mouse 43 160
9516 mouse 41 159
9517 mouse 39 158
9518 mouse 37 156
9519 mouse 34 154
9520 mouse 33 152
9523 a 1
9528 a 0
9529 mouse 32 151
9530 mouse 30 145
9531 mouse 25 133
9532 mouse 20 120
9533 mouse 17 108
9534 mouse 13 97
9535 mouse 11 90
9536 mouse 10 88
9537 mouse 10 86
9543 mouse 11 85
9547 a 1
9553 a 0
9553 mouse 12 86
9554 mouse 13 86
9555 mouse 13 87
9556 mouse 15 89
9557 mouse 17 90
9558 mouse 20 93
9559 mouse 22 95
9560 mouse 26 98
9561 mouse 32 103
9562 mouse 39 109
9563 mouse 48 118
9564 mouse 59 129
9565 mouse 69 139
9566 mouse 77 146
9567 mouse 82 152
9568 mouse 86 157
9569 mouse 90 160
9570 mouse 93 163
9571 mouse 96 165
9572 mouse 100 166
9573 mouse 105 167
9574 mouse 110 167
9575 mouse 116 168
9576 mouse 124 168
9577 mouse 131 168
9578 mouse 140 167
9579 mouse 147 165
9580 mouse 153 162
9581 mouse 156 160
9582 mouse 157 159
9583 mouse 157 158
9586 mouse 157 157
9587 mouse 157 156
9588 mouse 158 156
9591 mouse 158 155
9593 mouse 162 153
9594 mouse 169 149
9595 mouse 178 141
9596 mouse 185 132
9597 mouse 188 125
9598 mouse 188 116
9599 mouse 183 107
9600 mouse 176 101
9601 mouse 171 99
9602 mouse 169 99
9603 mouse 168 100
9604 mouse 167 102
9605 mouse 165 107
9606 mouse 162 110
9607 mouse 159 114
9608 mouse 155 117
9609 mouse 150 120
9610 mouse 143 122
9611 mouse 136 123
9612 mouse 129 124
9613 mouse 124 124
9614 mouse 123 125
9615 mouse 123 126
9616 mouse 123 127
9617 mouse 122 130
9618 mouse 120 137
9619 mouse 120 146
9620 mouse 119 154
9621 mouse 120 162
9622 mouse 122 174
9623 mouse 126 193
9624 mouse 131 224
9625 mouse 136 224
9626 mouse 139 224
9627 mouse 143 224
9628 mouse 146 224
9629 mouse 147 224
9631 mouse 146 224
9632 mouse 145 224
9640 mouse 142 222
9641 mouse 137 218
9642 mouse 130 213
9643 mouse 122 207
9644 mouse 113 198
9645 mouse 103 190
9646 mouse 95 184
9647 mouse 87 180
9648 mouse 79 176
9649 mouse 71 172
9650 mouse 63 168
9651 mouse 57 163
9652 mouse 51 157
9653 mouse 47 154
9654 mouse 45 153
9658 mouse 46 153
9659 mouse 49 153
9660 mouse 52 153
9661 mouse 54 152
9662 mouse 55 152
9668 mouse 56 153
9669 mouse 60 156
9670 mouse 67 162
9671 mouse 76 171
9672 mouse 87 179
9673 mouse 95 184
9674 mouse 99 186
9677 mouse 99 185
9679 mouse 99 184
9692 a 1
9698 a 0
9708 mouse 99 187
9709 mouse 100 197
9710 mouse 102 218
9711 mouse 105 224
9712 mouse 111 224
9713 mouse 118 224
9714 mouse 125 224
9715 mouse 128 224
9716 mouse 130 224
9723 mouse 130 222
9724 mouse 129 219
9725 mouse 129 215
9726 mouse 129 207
9727 mouse 129 196
9728 mouse 130 185
9729 mouse 131 178
9730 mouse 132 174
9731 mouse 132 172
9732 mouse 133 171
9733 mouse 133 170
9734 mouse 133 169
9735 mouse 133 168
9736 mouse 134 167
9737 mouse 135 162
9738 mouse 140 150
9739 mouse 146 130
9740 mouse 152 104
9741 mouse 158 70
9742 mouse 162 34
9743 mouse 163 0
9744 mouse 160 0
9745 mouse 156 0
9746 mouse 152 0
9747 mouse 149 0
9748 mouse 148 0
9749 mouse 147 0
9750 mouse 146 0
9752 mouse 145 0
9753 mouse 144 0
9754 mouse 143 0
9762 mouse 146 4
9763 mouse 150 12
9764 mouse 154 22
9765 mouse 156 31
9766 mouse 160 43
9767 mouse 163 53
9768 mouse 166 61
9769 mouse 168 68
9770 mouse 170 73
9771 mouse 170 76
9773 mouse 171 78
9774 mouse 172 83
9775 mouse 173 92
9776 mouse 174 104
9777 mouse 176 120
9778 mouse 177 135
9779 mouse 180 147
9780 mouse 181 156
9781 mouse 182 161
9782 mouse 183 164
9783 mouse 183 165
9790 mouse 184 165
9791 mouse 187 163
9792 mouse 191 160
9793 mouse 195 156
9794 mouse 196 153
9795 mouse 196 150
9796 mouse 196 147
9797 mouse 196 146
9799 a 1
9802 mouse 195 145
9803 a 0
9803 mouse 194 141
9804 mouse 193 134
9805 mouse 191 123
9806 mouse 189 112
9807 mouse 187 102
9808 mouse 185 93
9809 mouse 185 87
9810 mouse 185 84
9811 mouse 185 82
9812 mouse 186 82
9813 mouse 187 81
9814 mouse 189 79
9815 mouse 192 76
9816 mouse 193 76
9817 mouse 194 76
9818 mouse 194 75
9819 mouse 194 74
9820 a 1
9823 mouse 195 74
9827 a 0
9829 mouse 194 74
9832 mouse 192 75
9833 mouse 187 78
9834 mouse 178 81
9835 mouse 169 84
9836 mouse 166 86
9837 mouse 164 88
9838 mouse 159 89
9839 mouse 151 91
9840 mouse 136 93
9841 mouse 117 94
9842 mouse 96 96
9843 mouse 75 97
9844 mouse 58 98
9845 mouse 45 98
9846 mouse 39 98
9847 mouse 37 98
9851 mouse 36 98
9852 mouse 33 99
9853 mouse 30 99
9854 mouse 27 99
9855 mouse 23 100
9856 mouse 16 102
9857 mouse 9 106
9858 mouse 1 108
9859 mouse -5 110
9860 mouse -10 111
9861 mouse -11 111
9862 a 1
9867 mouse -10 111
9868 a 0
9868 mouse -7 110
9869 mouse 2 110
9870 mouse 23 109
9871 mouse 50 106
9872 mouse 77 101
9873 mouse 101 96
9874 mouse 123 91
9875 mouse 143 88
9876 mouse 161 85
9877 mouse 173 83
9878 mouse 182 80
9879 mouse 187 79
9880 mouse 190 79
9881 mouse 192 79
9882 mouse 193 79
9885 mouse 196 80
9886 mouse 201 81
9887 mouse 207 81
9888 mouse 216 81
9889 mouse 222 80
9890 mouse 225 79
9892 mouse 227 78
9893 mouse 231 78
9894 mouse 235 78
9895 mouse 237 78
9897 mouse 238 78
9898 mouse 244 78
9899 mouse 253 77
9900 mouse 255 76
9901 mouse 254 76
9902 a 1
9902 mouse 252 76
9910 a 0
9910 mouse 253 76
9911 mouse 254 76
9916 mouse 253 76
9926 mouse 251 77
9927 mouse 247 80
9928 mouse 238 87
9929 mouse 219 103
9930 mouse 199 125
9931 mouse 172 162
9932 mouse 148 203
9933 mouse 129 224
9934 mouse 116 224
9935 mouse 108 224
9936 mouse 109 224
9937 mouse 116 224
9938 mouse 123 224
9939 mouse 126 224
9940 mouse 128 222
9941 mouse 129 215
9942 mouse 129 206
9943 mouse 131 194
9944 mouse 136 179
9945 mouse 141 166
9946 mouse 145 155
9947 mouse 145 150
9948 mouse 142 147
9949 mouse 133 144
9950 mouse 126 143
9951 mouse 122 144
9952 mouse 121 144
9956 mouse 120 145
9957 mouse 119 147
9958 mouse 117 151
9959 mouse 115 156
9960 mouse 115 160
9961 mouse 114 161
9965 mouse 114 158
9966 mouse 115 151
9967 mouse 116 139
9968 mouse 124 123
9969 mouse 137 106
9970 mouse 163 84
9971 mouse 198 61
9972 mouse 245 37
9973 mouse 293 15
9974 mouse 319 0
9984 mouse 319 1
9985 mouse 319 6
9986 mouse 314 17
9987 mouse 306 32
9988 mouse 296 49
9989 mouse 283 66
9990 mouse 267 80
9991 mouse 250 91
9992 mouse 235 100
9993 mouse 223 108
9994 mouse 212 114
9995 mouse 204 118
9996 mouse 196 122
9997 mouse 189 126
9998 mouse 185 130
9999 mouse 180 135
10000 mouse 178 138
10001 mouse 178 140
10003 mouse 178 141
10004 mouse 182 144
10005 mouse 193 151
10006 mouse 210 156
10007 mouse 229 160
10008 mouse 265 164
10009 mouse 301 167
10010 mouse 319 170
10011 mouse 319 172
10012 mouse 319 173
10013 mouse 319 174
10016 mouse 319 173
10018 mouse 319 172
10019 mouse 318 171
10020 mouse 315 168
10021 mouse 310 164
10022 mouse 303 160
10023 mouse 298 158
10024 mouse 290 155
10025 mouse 283 152
10026 mouse 271 146
10027 mouse 260 140
10028 mouse 251 136
10029 mouse 247 134
10030 mouse 244 133
10031 mouse 240 130
10032 mouse 229 123
10033 mouse 216 113
10034 mouse 209 107
10035 mouse 204 101
10036 mouse 201 94
10037 mouse 200 90
10038 mouse 200 89
10039 mouse 200 88
10043 a 1
10048 a 0
10052 mouse 201 89
10053 mouse 203 91
10054 mouse 207 95
10055 mouse 209 97
10068 mouse 211 98
10069 mouse 215 99
10070 mouse 220 100
10071 mouse 224 101
10072 mouse 227 102
10073 mouse 230 103
10081 b 1
10088 b 0
10137 mouse 229 103
10144 mouse 228 103
10148 mouse 227 103
10149 mouse 227 102
10150 mouse 226 102
10151 mouse 225 101
10153 mouse 225 100
10156 mouse 224 100
10157 mouse 223 99
10158 mouse 222 98
10160 mouse 220 97
10161 mouse 217 96
10162 mouse 214 94
10163 mouse 211 93
10164 mouse 210 93
10165 mouse 210 92
10177 mouse 212 92
10178 mouse 223 92
10179 mouse 244 93
10180 mouse 273 93
10181 mouse 293 92
10182 mouse 303 90
10183 mouse 310 91
10184 mouse 314 92
10185 mouse 315 93
10186 mouse 316 93
10188 mouse 315 93
10189 mouse 313 92
10190 mouse 311 92
10191 mouse 304 93
10192 mouse 293 95
10193 mouse 279 98
10194 mouse 255 100
10195 mouse 230 99
10202 mouse 228 98
10203 mouse 226 97
10204 mouse 226 98
10205 mouse 227 99
10214 mouse 218 95
10215 mouse 198 96
10216 mouse 157 100
10217 mouse 103 106
10218 mouse 36 113
10219 mouse -37 120
10220 mouse -80 128
10221 mouse -80 133
10222 mouse -80 138
10223 mouse -80 139
10225 mouse -80 137
10227 mouse -79 136
10228 mouse -71 135
10229 mouse -58 134
10230 mouse -44 134
10231 mouse -21 134
10232 mouse 11 132
10233 mouse 34 130
10234 mouse 58 126
10235 mouse 62 125
10236 mouse 73 123
10280 mouse 74 123
10282 mouse 75 124
10283 mouse 79 124
10284 mouse 86 124
10285 mouse 93 124
10286 mouse 95 125
10426 mouse 96 125
10427 mouse 97 125
10428 mouse 110 125
10429 mouse 135 126
10430 mouse 171 126
10431 mouse 211 126
10432 mouse 273 125
10433 mouse 319 127
10434 mouse 319 128
10439 mouse 315 127
10440 mouse 306 127
10441 mouse 295 126
10442 mouse 283 126
10443 mouse 268 124
10444 mouse 248 123
10445 mouse 221 122
10446 mouse 198 122
10447 mouse 178 122
10448 mouse 169 122
10449 mouse 167 122
10459 mouse 166 122
10460 mouse 157 123
10461 mouse 139 125
10462 mouse 105 128
10463 mouse 68 132
10464 mouse 32 137
10465 mouse -9 142
10466 mouse -45 145
10467 mouse -73 148
10468 mouse -77 149
10469 mouse -76 148
10470 mouse -68 146
10471 mouse -56 144
10472 mouse -45 142
10473 mouse -37 142
10474 mouse -34 142
10479 mouse -26 142
10480 mouse -12 141
10481 mouse 2 140
10482 mouse 12 139
10483 mouse 14 139
10485 mouse 13 139
10488 mouse 11 140
10489 mouse 5 140
10490 mouse -5 141
10491 mouse -17 142
10492 mouse -30 143
10493 mouse -43 143
10494 mouse -50 144
10495 mouse -52 144
10496 mouse -53 144
10497 mouse -52 144
10498 mouse -50 143
10499 mouse -48 143
10500 mouse -47 143
10501 mouse -45 143
10502 mouse -43 143
10503 mouse -42 143
10520 mouse -43 143
10534 mouse -44 143
10535 mouse -45 143
10540 mouse -46 143
10547 mouse -45 143
10554 mouse -46 143
10555 mouse -49 143
10556 mouse -53 144
10557 mouse -58 144
10558 mouse -61 144
10560 mouse -58 143
10561 mouse -49 142
10562 mouse -39 141
10563 mouse -32 140
10564 mouse -28 139
10567 mouse -29 140
10578 mouse -31 140
10579 mouse -35 140
10580 mouse -42 141
10581 mouse -51 142
10582 mouse -61 143
10583 mouse -67 143
10585 mouse -64 143
10586 mouse -55 142
10587 mouse -46 140
10588 mouse -41 140
10589 mouse -39 140
10600 mouse -40 140
10601 mouse -44 140
10602 mouse -49 141
10603 mouse -56 141
10604 mouse -65 142
10605 mouse -75 143
10606 mouse -79 143
10608 mouse -73 143
10609 mouse -62 142
10610 mouse -52 141
10611 mouse -46 141
10612 mouse -45 141
